155 47
875 124
44 72
302 109
858 159
838 116
131 138
643 98
359 52
625 83
141 122
598 185
791 65
319 31
33 167
819 54
150 101
558 11
883 155
432 191
114 164
956 22
993 29
874 185
760 34
253 60
255 2
933 200
869 70
533 42
706 94
686 114
14 196
819 93
663 126
307 52
288 160
235 155
260 40
601 139
527 57
34 96
869 128
12 123
801 178
365 129
696 20
714 34
835 1
345 107
489 184
744 108
418 100
803 35
813 194
594 104
539 158
384 103
937 14
525 97
626 173
573 138
515 170
639 12
966 150
424 43
223 178
485 184
922 55
404 47
907 3
556 32
436 187
863 41
795 107
279 18
105 48
375 39
892 23
318 146
149 83
896 15
691 163
740 103
287 105
62 21
366 28
799 140
402 159
248 198
25 168
155 94
540 130
282 120
746 155
742 76
450 150
41 38
116 187
668 193
57 154
186 167
287 4
483 10
326 10
458 143
213 35
8 94
725 139
623 75
157 182
951 48
421 177
900 65
11 130
213 110
713 147
391 12
404 147
985 21
455 188
6 179
350 62
310 193
156 115
820 170
829 113
713 104
60 51
64 142
78 8
496 135
942 179
949 149
647 57
456 50
885 6
554 170
364 168
301 167
623 26
443 60
51 67
341 67
761 28
765 79
127 158
588 170
792 130
653 137
31 150
752 3
768 143
208 157
144 89
837 56
