75 18
48 146
691 102
92 131
161 127
532 71
658 69
190 57
270 148
12 81
632 197
949 114
650 94
338 177
294 112
481 76
869 64
158 9
340 38
221 146
491 129
593 128
860 96
265 61
882 18
325 136
527 104
413 45
716 6
202 67
365 69
91 12
866 84
450 184
680 26
765 82
350 182
909 41
41 176
362 145
584 197
973 56
232 150
828 193
81 185
497 36
511 151
60 108
698 21
493 175
454 131
890 26
484 160
559 43
399 91
897 141
496 123
818 135
787 65
385 93
576 25
919 158
530 197
562 124
923 145
149 135
374 24
750 42
932 181
223 149
776 139
767 81
403 54
158 183
416 192
684 34
