130 5
497 173
88 51
375 166
679 169
918 172
225 36
91 184
796 125
299 173
911 147
970 51
664 73
887 159
32 11
294 113
524 77
141 12
254 100
911 65
835 66
956 36
299 126
343 30
36 194
790 97
879 4
486 127
409 85
845 124
572 21
902 111
483 149
800 173
121 147
87 142
475 130
154 22
393 47
291 69
777 173
250 176
252 10
355 30
344 200
955 35
548 109
342 64
423 59
492 17
169 24
288 182
999 183
776 58
4 198
992 127
707 62
391 200
78 62
295 174
154 128
201 180
352 147
191 163
350 119
601 199
180 108
89 71
248 131
942 177
2 19
973 179
336 86
339 171
251 81
196 65
289 175
216 192
817 103
952 8
306 178
85 31
668 134
98 131
885 133
805 9
133 70
850 186
570 155
504 97
677 90
146 62
28 37
238 70
486 90
218 64
402 75
682 73
72 126
915 89
382 134
588 188
740 8
719 51
64 47
509 40
195 169
791 13
923 96
430 118
327 170
179 10
766 170
759 134
752 4
917 10
563 180
299 162
399 72
213 22
19 10
274 186
846 151
213 183
734 186
173 88
421 153
365 30
318 55
605 157
333 73
