153 103
669 194
838 177
60 84
278 34
420 15
561 63
933 55
810 22
94 67
402 119
320 180
819 6
906 98
509 53
956 135
948 135
36 9
8 87
404 124
915 31
297 142
575 193
734 106
158 178
863 70
256 1
671 68
256 125
218 52
231 188
115 105
848 37
624 64
138 159
441 172
538 151
532 5
878 86
756 179
322 105
189 128
615 128
362 100
623 7
88 134
771 135
688 138
285 182
832 197
326 67
731 107
65 43
532 170
102 7
295 156
664 20
825 25
735 113
347 163
295 180
547 96
71 174
114 83
11 106
31 186
435 58
162 138
554 66
954 87
167 155
480 29
7 153
634 114
873 174
201 185
617 125
171 168
53 127
297 130
563 49
610 199
233 188
823 79
716 180
557 107
530 154
342 68
967 194
768 161
788 126
980 150
315 137
952 120
93 156
486 89
628 124
731 82
721 170
968 28
127 162
21 22
622 44
601 139
241 119
51 41
224 81
188 122
87 80
330 62
213 196
695 32
278 74
152 197
594 187
519 40
747 122
594 49
163 18
593 161
484 150
227 15
910 143
138 54
988 178
722 125
583 31
686 141
370 131
28 127
84 151
148 92
97 134
236 106
665 187
599 86
8 137
913 76
84 169
893 177
979 47
263 74
650 53
115 74
518 23
332 64
55 6
581 70
600 157
740 3
113 191
986 162
877 87
996 177
