479 434
77435 76330
87166 52298
69396 78751
34056 59789
80673 60745
78421 66728
24890 58546
25091 17148
67785 4789
10536 94846
10572 2816
87884 94586
54519 54649
55948 59276
64559 6550
32889 52133
37231 32259
13239 10316
24455 27776
25822 35706
72120 8065
15261 81501
45369 46508
6930 32150
65589 53086
39123 23003
1707 70055
67400 10293
98861 79721
31182 67523
56097 99997
17397 68342
25347 22957
44355 14163
37729 19483
2768 82100
85342 73625
20456 7719
46543 53391
77100 89549
63073 4409
1809 75900
55889 1030
35743 72062
53202 84122
34771 50704
89419 95308
7197 87108
24694 13769
1955 58815
94435 81135
33244 96475
85170 57331
48374 56038
91997 63900
8689 71426
11052 51077
96066 38083
29086 9119
51825 97396
82279 44876
91867 56530
69484 87141
76720 53871
4905 96854
24406 90161
1067 25565
38596 73232
48375 23726
36392 37243
2625 94673
8034 17812
83606 1827
57959 14383
21426 99345
29342 48823
25354 7232
30054 25034
48484 264
57230 3800
28762 34868
55420 21863
54523 1731
52391 2226
9738 40938
7197 33573
3325 64176
30622 57955
7391 46321
64926 41537
89006 81564
13607 44776
43998 65813
26677 66326
25684 91955
99416 82301
63435 29283
70677 14467
75443 38755
26054 45793
66541 86632
2677 93541
27760 78681
47269 65231
44551 74897
56393 37623
62769 52897
64683 79526
38336 36171
69415 5720
38202 37864
14861 20385
94395 6691
55362 86116
70417 49916
93279 37373
47263 51335
52337 74969
37146 35722
69943 22137
55055 6114
28904 52147
16731 87358
1834 52113
32593 43971
49084 86543
91576 28262
76141 47521
46731 6677
31810 59819
85495 82991
75764 23879
80992 85127
23344 87555
99804 99205
89109 77408
41462 74437
21657 94196
47629 25941
30949 10953
27506 1179
95380 31420
85614 94638
34584 19806
83865 12632
56821 24919
86980 53082
33348 12222
49584 5384
3762 20706
91509 36041
61086 51364
35772 74168
7006 45402
9797 57094
93082 95918
13762 40501
44784 957
19898 99806
87183 8953
17447 69420
82492 27944
52856 60735
22384 55810
30512 57963
63863 57814
47141 40502
33970 67014
24642 42877
54550 28454
42341 31471
44523 83969
48130 77136
78671 70228
27678 6744
48336 78353
9364 80082
87797 36030
22292 1053
16886 47891
60447 13678
29823 65632
54732 75660
13330 50596
66342 80435
31169 5943
4492 86546
39064 61185
45072 93965
33681 12128
51033 88475
40093 86887
58081 13161
41634 24473
8343 92277
13464 49330
43837 18612
12971 60638
93963 25644
60060 54656
46154 81530
3968 55821
5531 46702
8927 93294
12142 81643
38582 38242
10219 25512
47734 1241
37452 6897
9347 48986
15777 92006
97397 39326
29962 2810
12314 77138
47297 87829
3058 20665
89070 43283
64978 37224
51568 33027
49410 76585
1787 841
44959 73208
93268 61053
15609 39273
73687 42442
46102 54272
33842 48943
60877 72983
17095 87553
90604 39772
24622 28391
14291 60816
48368 91773
85239 61513
58925 66322
7456 24432
31543 57578
52651 68644
76309 3228
55912 58998
83681 3124
23357 24459
58346 61907
13217 19805
37203 46154
6018 75194
32690 28099
30464 87075
26898 58360
12943 98447
99889 10074
61081 70853
76195 29835
59994 18245
98509 67140
10402 38528
66091 30960
62423 60795
12874 42287
54416 69969
66254 92788
97435 46286
57678 26824
17207 66964
24371 13156
3963 29338
94813 31771
69902 85480
84094 61326
71596 66908
35196 96885
68551 47400
37459 51805
61956 30257
50929 22469
97338 60050
88985 86304
57975 4023
52129 80918
41498 43874
33971 23458
58682 27850
5231 65269
9245 52439
13448 59282
4610 23463
68227 84432
27448 1453
41179 71259
29156 64524
97631 69044
14175 2624
8338 55628
9398 67157
15531 9933
232 11438
14867 78225
3820 16224
50633 22856
58024 40820
5473 13815
10619 29608
99616 12916
22324 39919
60450 78539
26648 84876
48405 21404
11264 46907
52859 11226
64600 51465
62828 72045
99330 72855
59825 20913
89873 77754
25290 79829
9134 1982
14121 39293
10903 45534
93461 42337
69755 52238
81768 82028
35903 39218
70482 28285
62780 37348
98355 18249
80350 22321
71429 13687
25895 48668
39823 9410
17450 87802
62387 64347
70640 92661
79169 58085
3670 87178
62850 5111
75405 36714
63214 50654
30681 68508
95830 4408
20627 57722
26587 69145
96071 24431
36788 13130
24406 31456
87661 8677
94133 48256
77410 96539
54349 98842
5192 95118
18553 67722
49445 96407
62731 9284
44499 79937
76071 29132
83425 43692
75077 88701
68754 10955
53779 34467
42747 26822
9778 55296
14281 87641
49236 79530
96665 75827
12069 51211
38111 48312
20287 49504
5056 63008
39827 34267
5335 62997
52519 49954
97907 3001
80819 6477
5720 6878
38851 54635
31770 58572
61976 35646
82853 39742
3975 79706
78039 3653
32760 89386
4228 32388
3400 19243
96818 3730
59815 65776
53498 81819
14139 81628
70829 32863
15228 85803
59565 3922
78134 26633
95055 17306
59818 98073
19328 45300
84972 37007
36605 49360
84390 40406
69273 15728
3380 46092
79387 9421
84135 4065
16125 17106
27938 76828
31566 31263
89760 51254
58193 90215
1580 57820
38300 370
51079 47121
36890 2940
24997 23850
2346 16500
23472 4624
19677 93982
89156 67745
35035 96018
5265 29456
83103 24890
80989 59105
47671 47960
88287 26286
80869 60286
21381 10916
97248 74611
65007 64166
884 45941
65201 73865
74205 25426
81973 93623
48016 909
18231 89228
81459 51232
21447 70908
56128 93748
63626 56139
25446 81866
96378 55507
58824 36757
42849 57442
24732 79998
1666 34585
8332 54271
53105 99662
8153 85576
54485 89003
80467 85694
45325 59629
45602 51063
40968 60261
74208 77279
51563 91226
19421 36501
66896 42854
64538 45166
8641 2709
46574 85106
7649 91081
90788 97498
40419 39512
77371 80601
70481 40492
7557 22927
67974 97282
48136 35319
4788 25644
99680 49115
19424 47567
77595 95546
4993 71493
26459 34793
54948 72989
29240 69455
4267 39990
18908 28775
51241 30983
52293 98402
79655 14810
45350 50114
38083 53741
89670 79617
