552 118
63957 62409
72561 63027
71505 73351
1490 57160
67911 18152
94521 60650
99183 25705
91792 78231
14597 96329
1154 47505
32198 46060
35169 93406
47415 81883
97539 5897
44606 64354
19296 42750
46566 19537
25270 81681
79136 72412
64613 63032
36669 45147
44084 16716
96949 84938
73386 35437
6946 42890
85973 2651
16037 14878
52743 28861
60833 12367
38931 57150
77627 7113
22005 68811
4256 56860
83463 73014
96671 99099
73741 61078
48843 11008
91274 30789
16634 65350
4424 91520
76456 16174
4181 45259
88917 59899
84384 75115
16867 81590
67872 90889
77625 65642
95373 11606
45154 63689
69445 61537
32879 741
10953 7619
7409 78232
57565 69556
75648 16669
80651 11666
82263 51380
67425 44353
56565 47106
14606 62118
75293 35598
28393 81131
54967 54374
17514 78879
12589 72824
2991 38483
39119 9657
3801 55581
52527 80577
74348 68697
80774 36909
66674 36387
80429 87836
13497 12830
89477 51123
90160 60912
83312 19417
60558 53315
5589 96251
67468 93862
6207 99657
31045 53002
44031 19383
30493 72646
15462 57149
28471 77044
34668 84952
86910 79281
95788 56999
99645 97985
42053 81198
79239 85832
71194 43702
86000 52082
82067 79627
6257 70316
83642 94205
89384 6600
13599 34432
40054 43582
15541 20524
74527 52069
10290 60029
29837 86366
35699 54611
85326 56042
56821 36052
35409 70862
34781 21478
65869 66102
90066 19189
83547 35632
94013 81235
12919 19661
80880 17682
60418 46307
33468 41964
12227 32653
66937 49916
93313 96873
83554 57954
1643 18425
49846 73283
73520 55683
43353 2951
28999 11057
75024 42266
40521 79314
46249 71947
63250 48663
70609 19247
21347 79287
97403 4351
47939 66795
53664 24918
96473 55762
67226 34164
30004 57295
51911 5662
55460 50758
53004 28955
28286 78978
98672 39416
68795 6418
22812 45797
31865 21416
1570 64214
36921 89
3635 2212
22815 58623
55111 23177
17014 922
35865 13351
18921 36202
60361 88034
84907 39927
49592 88385
77040 75914
23887 92817
44017 95409
39992 92514
68172 35679
24771 70088
20962 66089
12195 33883
24920 37546
50799 33239
20182 57248
5185 98749
96235 52876
98714 9200
57063 18390
16092 67929
3007 72135
10607 49636
5676 45614
9372 7233
45196 86524
31957 89060
91200 41351
13003 75940
27437 38283
46838 94016
75579 26756
95410 2069
11129 13589
37628 35401
78231 72676
41016 53092
61002 17435
27246 84530
83051 52969
88745 43394
30776 23647
9143 57129
13298 16852
22892 67872
33982 71042
78814 16738
54468 85414
77418 61135
69523 4771
86894 33868
46683 85856
20301 8257
70769 79653
6254 18489
24814 46594
36893 8741
81329 44073
52073 53082
39928 41071
43172 40878
46987 48911
77063 26623
11506 82246
71851 94636
51033 28152
36720 11514
63635 10410
63354 40752
21588 82598
21967 94267
886 80698
15642 36427
91061 92249
10763 20500
21235 41240
32149 80878
76213 94994
70575 6102
75363 87461
10068 57259
39948 30131
51011 48561
45568 17570
56639 55697
66548 43164
93519 70391
62754 63504
35807 86995
90534 87663
76670 15865
24514 24944
84350 58177
81914 55692
83960 34663
80249 930
34117 72620
70795 69140
17381 70803
70657 45929
6140 29765
64112 75273
44656 18030
54322 43012
14573 91037
50019 53931
41185 22536
71077 16565
43392 31206
92892 16668
59937 8371
38099 49181
32479 6447
73974 69692
30904 42495
95350 28541
33170 54443
33544 35276
76465 76158
95942 86678
55010 64106
23916 35150
99668 63777
85884 76393
88858 18044
19323 8642
18794 13272
84753 26103
85664 59701
50157 38986
41212 10165
69119 55809
43391 31619
86941 4774
93299 25097
42782 92775
1248 55512
23778 28535
7415 86404
82312 54155
89739 42630
77333 86399
28243 35544
46388 63375
51754 3708
8849 21982
99279 85974
42845 34258
66758 6125
68109 54453
30196 1486
20795 90806
32646 81129
54691 30310
18763 81298
81447 70780
49238 83105
7212 69649
381 92659
70651 86789
1917 48774
70273 71992
53939 91201
32975 12465
5092 17994
77498 56155
12374 63790
81372 95651
50645 16316
62289 54652
70159 75786
955 93051
69240 37583
52895 62778
56743 30759
63142 537
97911 58035
63741 15673
98983 86422
29429 44639
90 8985
42371 79639
50424 14759
91457 74254
99499 60562
72844 68535
35267 74348
16772 42472
21907 20239
9967 43066
76561 23606
46997 98860
91194 81793
43109 41119
15691 38165
70095 66747
21641 8570
97609 20650
18394 51323
54315 38232
57930 45065
41298 60089
20968 35385
94048 419
89094 48353
88602 22671
96732 95007
72425 49852
4677 84690
42106 52140
58944 83359
93406 28262
5872 54573
17963 87602
78621 42537
43928 56960
72625 51747
61413 37825
46012 20111
17553 140
48753 54726
51234 65307
85286 44866
63905 76939
58232 79173
78523 45312
55461 55090
79105 11070
7632 8147
40168 10961
45312 97522
85418 17414
36577 57951
1988 56752
60353 88176
84726 42948
42644 27580
70150 38685
21969 47904
12637 44889
66771 69210
4584 41881
64858 78897
37240 37509
5191 19882
5123 21190
71459 32372
84641 81931
27384 47422
96271 1220
67382 56475
1007 53802
94576 65221
21574 18421
57853 72055
50845 47972
80791 3154
52033 69785
27295 21689
92260 65946
88343 66069
15449 6034
63430 87505
95835 28109
49976 4094
88903 1887
57916 38897
77693 56606
75748 16576
27267 18660
35304 7529
38466 68494
19523 90892
87303 31007
77012 35947
18819 75646
18591 33393
73036 79091
35402 93160
634 61902
65536 73025
43370 48353
90737 90481
27583 89057
8176 28046
24732 91720
24436 82454
18475 23254
88311 57736
73945 32299
59642 84936
90263 41071
46079 48895
66939 2827
52238 10298
67517 66253
59281 35206
14170 57032
27063 14938
84277 31121
91349 5870
82417 63523
15968 32668
76216 7420
79924 3814
89111 24254
81360 8719
10719 8719
10136 29216
27462 84249
72114 517
64932 81803
44169 71246
67031 58966
84141 73583
13023 66704
39217 56992
32962 2357
12204 74589
3561 13889
76889 7046
25217 32887
87351 68769
62172 42813
24361 23859
6029 80413
56758 14315
33135 8166
55402 13016
98815 73450
53940 12941
37502 85565
38534 51748
25200 86524
5240 41976
69279 98979
75014 8713
48664 56630
51149 4988
3372 98041
498 37337
87025 82136
86427 73771
55615 24992
7155 37667
8116 92132
58730 86454
99536 53177
32019 55738
97914 41434
23813 97645
13913 33636
56731 99470
84411 123
76820 74178
7377 55716
46291 35472
13681 49449
92128 18566
22899 40984
6469 90834
12789 49188
43217 51593
63095 78371
16729 93539
98496 35150
79826 77181
12119 39172
19032 54966
8810 13991
9739 50642
59050 82237
2509 87482
19469 5776
21733 29562
97675 60591
48830 46530
90594 1707
62344 18822
22867 1787
25014 49694
15970 94584
24575 64390
20185 93953
16862 8703
95877 35736
30578 57548
82264 81028
98334 47222
54694 54253
27530 78537
88680 38627
19296 72981
93980 6008
89584 6317
12514 27905
82156 14923
31488 68440
16717 11690
49248 1373
