573 491
7375 5383
14852 6459
30509 11055
3516 19939
55149 75559
34814 78765
97668 92863
49980 72019
28704 20573
34876 75972
45312 65112
82454 68035
7607 76414
6426 76710
461 22158
48807 57559
88606 6815
61493 53047
9625 75832
79212 98870
44321 14933
29803 19228
72720 23369
72546 6020
48303 65398
89720 25403
97664 92406
29574 57829
22804 45014
46681 3673
64565 14230
83508 36576
50462 49546
98380 99161
79805 21820
44714 7352
12344 56903
29389 88451
62533 53117
55941 93492
46736 27939
73849 71514
21945 42960
41538 53975
13235 70545
57870 6883
57319 3272
83550 25704
55215 5096
80039 88452
47131 53051
12853 8362
70863 99132
90948 48481
67811 69437
28421 60419
63874 94787
6079 83327
84043 93605
66987 94136
33715 34832
64919 29925
64641 54310
1412 36591
52977 16090
14281 86805
9874 61045
36301 29419
89384 45941
3792 57046
83114 22249
25315 13746
36037 16950
77547 43980
66039 37493
50978 97193
73973 64306
23766 16189
19589 16430
69193 83925
75141 72959
39375 84142
90434 28523
75891 43067
96994 38768
17042 29026
57499 81535
43198 67904
51481 59164
34364 45921
95100 5024
77574 18376
98391 30103
45323 94733
29939 58787
13098 68730
28041 24535
32282 41838
19052 30108
86757 8666
64541 21711
13673 53702
92821 74081
36598 83309
26846 67030
57362 64060
26682 86503
6136 62199
31227 6784
53812 59189
74633 43618
52233 75071
93632 23074
70475 18613
24047 52744
19045 79433
95481 8401
6709 66145
20920 39918
51275 80121
87861 77091
65870 50111
26065 26505
12502 59254
21408 18828
74323 44083
66985 80461
4901 11107
88871 37217
86177 4803
47211 31312
99635 58886
13815 99383
31318 54547
7524 42118
12350 77221
36093 61187
38350 87689
21602 85382
45378 14755
78502 24027
93895 93833
11730 51491
37598 93030
70272 54770
65693 85209
73056 51154
73197 20659
33494 99039
84973 29245
94522 1802
5645 58992
3254 85238
87732 27002
2412 51678
87131 16640
26638 27757
17808 85462
95172 10020
57748 81865
95241 82903
86557 51926
63982 79440
28053 35152
59286 9803
77465 93086
54456 15577
71802 80186
77217 20029
70624 10003
96303 52338
36898 87404
75543 26018
60047 49851
17727 27120
38824 21386
76677 1680
69891 12826
65814 9770
65514 219
57048 95098
57754 2421
38945 36563
94725 2915
15965 89111
15280 88531
62252 27360
74293 16871
69665 36411
22914 81526
60356 23688
69113 43243
52113 8219
44110 65925
18455 78878
88940 84374
1946 84429
79184 24549
63666 99320
40364 16172
84490 97636
59270 53722
27041 96843
8630 13009
61164 59063
35659 55657
26482 35659
1895 24652
44847 34778
20606 97944
53777 46862
39356 67008
56382 68546
5852 20683
98316 41224
19953 68020
54632 4773
37089 19080
32272 65808
2052 44235
57625 56470
98218 24691
50665 27481
10354 46315
90301 54604
11828 62930
11877 59353
38488 44089
90307 50011
29117 74409
49232 26916
46835 5595
71767 65848
60065 22941
86200 98096
83680 10708
73222 78009
80445 17684
78026 94450
2299 43818
12126 3570
33519 50867
38098 45631
60002 97378
66090 80599
14707 68894
35229 41227
62738 80193
41336 86879
69862 48346
77978 88428
37128 88300
70678 38207
92422 8109
58099 93111
65537 37096
95759 51114
37615 36667
93688 2784
63546 38970
44722 2327
21054 87050
29492 57214
91695 31399
81802 23930
43985 10046
99700 10115
12286 63091
82246 80264
28196 3645
50438 31239
80228 15557
39858 598
85876 72747
56919 13597
41726 3137
23322 82489
23775 80557
85459 2523
95305 32523
61549 61351
50145 25929
44488 63574
4801 50666
97527 95444
1975 20676
83779 8866
1221 73698
52805 15573
26911 59842
74096 12277
7344 97175
46949 5439
10677 72936
8252 28452
25248 58416
80130 5000
48470 84636
39413 49091
3474 27696
60746 98435
68704 79298
71176 46953
86562 74397
39435 51015
82735 51552
89121 65384
10415 61949
69808 11880
17120 20538
5230 37464
74676 24915
44008 76636
42161 25014
58396 78380
32623 14437
52958 63990
87198 34072
98583 17946
84477 39064
95329 83309
55972 13189
94028 55991
96027 24561
15933 56917
1248 79043
33546 47831
390 28214
45599 82467
53136 19351
44091 84304
64026 20810
21012 59884
81073 63589
29487 57111
16021 44499
11593 60070
39198 25458
31601 44289
78324 51414
93035 38628
32374 70212
59438 34082
78100 9367
86215 63421
92085 58175
53972 3984
44626 67357
81194 97829
87065 49385
20048 40831
35499 67180
47169 86002
49630 49830
91214 94374
37211 55241
17946 75351
23425 43580
18012 97784
2368 44409
5472 81739
59167 16239
21222 58186
74744 5312
6338 3938
48342 17188
17594 46259
72221 12357
39916 7793
46114 36097
18309 4518
86991 93803
67594 78381
63617 75978
6099 88057
65834 42425
66315 75500
63471 86725
32882 30720
33962 50
19547 27010
68425 11191
61102 67121
11021 60541
95463 90980
14029 88771
8661 43489
62736 67389
66940 94343
94870 74929
16179 78501
89648 59001
57319 17312
24196 79459
50006 41137
90090 67316
16917 99845
6865 55072
72043 46811
95546 27092
14452 18953
97308 25613
68606 48984
44959 23646
30959 40227
98465 3214
53213 86844
17908 16119
81588 70664
3262 39913
52244 59582
93751 3076
89713 38155
9038 78914
50609 11696
43301 69867
49553 50595
96816 44670
43969 97130
34395 97327
36035 62467
41665 2211
6064 7743
77333 40118
70867 44354
76701 88149
79820 46469
22961 92260
89166 33172
36353 12058
89345 69681
36717 52896
66433 19599
55818 64758
56029 23287
34596 81390
24825 19334
82422 93295
56844 43693
35283 36115
44099 93904
84385 32233
86940 75784
60633 60436
1292 46689
80041 87241
15770 2236
18258 48053
54753 36238
42185 98646
91602 36480
1658 76285
85455 33869
64704 32850
42257 23335
44783 23759
44868 53233
46315 84804
9542 69542
50958 11538
12715 2801
19654 62704
63387 57203
33588 94858
31763 34593
25038 46172
57984 18915
88349 86107
19271 11894
21376 99020
86656 79723
92456 63595
59062 26534
66490 58982
22409 63327
1584 60416
60268 64900
49784 50190
32359 81718
98771 62749
90421 95047
62007 74922
40423 5346
68238 89320
1984 31747
25013 18270
62520 21115
20926 87206
84537 52718
66702 27184
4549 44468
53311 92925
73645 72891
58879 45092
22043 15491
66608 23824
73834 75521
79174 93567
97640 45085
79340 27269
10843 83731
94879 25575
12089 70390
89521 50145
87790 42760
45319 74241
31930 32772
18684 30313
39664 38229
78204 9776
81753 60540
1482 71906
97519 50509
48570 18268
54914 82386
6167 32657
17846 52743
11487 92007
46691 7548
42146 93754
8532 75447
42918 25081
91561 43375
66886 72068
19861 70258
17614 20436
49440 58464
79265 69683
53638 3469
75987 32703
10646 83395
72080 23820
55379 49149
46195 29855
33303 77294
6831 61683
39691 94904
43146 42776
23633 27125
71869 48623
74394 54546
65109 58447
15760 40783
4405 54467
75341 25120
5042 48330
32034 9839
20853 56918
52050 4727
11229 44462
59764 87402
9626 46507
64212 28973
38995 62910
20786 99863
52577 617
80129 77013
25138 33506
82154 49257
42055 23379
26503 82502
76694 58812
88360 11446
85480 51888
24881 97780
59100 32659
58 23955
50435 93475
42542 89813
17890 56012
36684 87060
78035 1266
24745 64764
