647 471
26601 58757
24439 82595
32618 38359
70950 50014
75090 41477
7811 64175
30745 51509
8169 33102
84028 12112
25494 28631
58426 16868
5548 66855
67799 36352
72209 23330
56316 12667
2511 48176
97941 69901
6228 83196
74706 11955
18003 2004
8870 60528
82818 45932
91595 94503
39002 85115
81148 63714
36570 13563
79290 37230
39108 19501
41672 77660
78623 84787
51503 12834
20819 95829
5179 50744
37488 25309
38747 44540
58791 20922
75845 61582
43311 11521
8431 65076
83266 95463
17015 6999
413 40872
54973 58725
90179 24324
1092 35309
90971 47068
69716 40902
4430 74393
65275 11912
23338 91174
85575 39953
90561 76401
68909 87329
138 61998
59974 89502
10783 76468
35085 27793
77438 89598
11522 97000
62473 34666
26730 25554
25638 78718
74316 45734
9503 51198
60661 92060
25570 35127
15221 88242
68802 3256
17728 2792
65940 88499
61263 64484
83955 91105
156 70255
65789 66619
77193 32375
44500 770
31930 76491
54270 11767
886 45122
79430 17091
52586 70452
39192 72177
36838 13471
97096 13487
78526 87683
38316 72497
80330 10823
23678 23822
7174 37138
69083 26561
48147 37362
51718 83625
34100 16505
45861 4681
20914 13754
11427 24041
72441 89457
75181 68563
24504 58488
33461 6455
13541 64115
52818 46823
42647 88133
43358 71739
74890 46744
62103 39375
53438 69658
76862 77728
27673 67898
50267 43763
17984 57647
53623 23022
36354 64913
28032 17565
34509 30910
86185 79854
90199 99031
66599 23829
18006 54112
17749 87561
24872 20419
38609 24901
26477 79726
75676 62824
32167 77808
11134 1301
83137 94464
45089 75604
96901 2486
17617 60943
56516 272
69410 14294
30227 18607
23210 66492
52872 92023
52418 22871
4961 20914
22505 50788
50077 65102
69889 78752
62784 86394
59504 75984
57492 20461
47617 46938
85027 20639
64928 81706
11838 62286
42178 8526
96057 87355
47130 91354
33932 13130
85765 17061
36051 57126
99647 17802
77167 15322
89356 60648
95172 8345
17360 84611
42265 94519
47287 68320
17787 62893
80750 877
79001 12985
26632 69623
6377 61531
38522 5521
25410 65210
47615 70420
81952 17117
12308 24025
52676 54259
73629 56417
67697 73707
8575 27566
67952 94204
28868 97159
76685 4639
3098 39128
99671 73584
39828 93679
76900 57360
79559 75072
22539 54918
13870 79074
45032 43449
27943 63472
52283 76216
13460 4170
65609 95538
84827 21425
3866 19742
87878 9326
39673 38453
33252 32395
19256 67923
56070 84600
56809 76793
32899 10760
48517 90414
58964 79633
83049 34137
24824 2672
99892 27113
79090 48675
2027 18381
67846 31661
22518 28636
22080 70005
20096 60815
59884 17223
90074 7938
14591 68753
36888 6615
64717 25160
28082 88530
28400 86497
61605 14910
66248 10008
84720 20102
83574 2252
19191 39485
74847 34080
46660 60695
62927 44636
32257 81293
99891 9419
88799 6717
64254 12347
48466 43336
57829 29631
27890 4627
75203 32240
66171 98630
80182 24264
45582 80336
87200 71141
65614 76128
27046 24909
62532 85806
17653 91428
64252 20144
696 5559
56421 99589
38595 61300
13237 59918
23307 49392
86499 4688
12524 26752
91659 58035
60418 94848
95470 81862
46704 54863
623 3544
96540 73649
4247 76705
44048 74284
11537 78487
1019 95211
46191 83033
56014 61374
46051 73448
81920 24728
40263 14569
12587 70512
22614 41412
5484 50400
92688 53544
37734 6153
31322 40677
22848 63501
24411 10512
31811 54836
81601 37090
90941 86152
38362 54905
21760 62584
14683 46934
52419 19769
52125 67582
38560 14752
4730 97593
50133 4361
80469 84278
31971 54036
51663 67781
84306 26178
41555 16827
16555 54620
12875 99826
97340 91149
16584 29638
66968 16003
4158 68249
78612 49074
20965 54063
71403 86160
41209 6291
96603 90394
12251 36401
55590 53838
97839 14938
26194 71439
44860 35523
52329 49477
11631 53605
78074 72794
2584 16767
80598 28925
90378 16464
59732 62915
18591 58077
21805 71553
53395 28689
46752 43443
87044 89752
99568 83705
11225 9987
86497 11989
84792 72103
20286 49774
31501 17597
15062 28623
93706 36196
34203 80264
86817 443
73793 54092
10348 64903
37637 12786
3686 31091
99428 47221
80688 73675
31327 5492
66125 78080
52478 23346
17061 99463
32073 73527
47878 2682
48657 25485
71038 14229
31365 3459
88355 32826
87485 64654
42315 44558
691 76771
89748 69241
41061 83743
16445 45610
60373 2559
64939 54385
33417 2312
64805 95747
59787 20320
60601 51130
90665 80787
28757 94578
56182 34255
38286 45453
58248 99080
47804 33264
40824 38965
63164 11492
19333 80337
7693 33014
56081 82363
74100 42903
46018 79478
99672 25788
67810 67754
7206 88031
55008 91265
33710 21628
56429 87467
86436 26229
192 86650
83808 74351
67763 83718
74398 39123
81123 28139
10303 6350
13011 89030
98758 78577
62090 35612
44188 69425
3920 12179
54349 99816
34581 63895
22377 98802
40747 48726
82724 18001
19591 19685
43094 33290
42468 30008
4763 73926
43807 17037
78259 70674
10236 88610
52835 71295
75903 64763
31411 69762
39156 72254
1519 49269
89833 50006
4422 74196
88910 26195
67342 39426
42652 96519
40062 25825
93483 16971
58193 3581
97594 18552
44490 32066
95243 40207
58379 18753
11140 84498
3196 27376
66575 78920
49131 72903
4730 30557
54214 55363
66904 27647
30914 18758
47551 9954
44120 16469
83496 20253
65314 32409
31506 69483
49923 89695
27104 41579
59740 65656
66966 69217
43288 35801
83199 43890
75841 98876
2858 81164
97128 31902
41608 14940
74177 77919
40112 27573
56548 13445
43580 81680
91374 88857
5225 73382
73022 75144
31003 79800
23800 9891
68950 38952
87813 94175
44806 97149
82929 28758
37496 31747
66540 14917
19039 64553
46858 61868
38480 26369
44355 70897
80646 40099
34003 35357
95007 45354
13531 97661
23900 79765
15294 9090
3333 16968
54661 89698
2243 51016
76252 89429
15749 675
31826 96952
96380 48614
99325 66797
66686 61092
36916 41753
48646 4790
41235 70213
40466 60886
57466 57886
8292 12610
96175 5941
52322 44159
99447 83712
40215 58548
1249 77079
68303 9099
2715 97752
42079 60371
41243 77155
67930 25824
28311 254
39869 75433
50957 72530
41636 97738
90652 75436
11762 79296
22601 32637
20334 83855
81852 89915
69088 55359
40512 21886
7128 86491
3846 79523
48744 1361
89666 79021
24549 52821
41581 31
89321 32061
61953 75651
73524 91462
87040 24070
97287 37614
89934 65177
42727 2808
4082 35218
47360 35531
55865 77481
94751 87347
23507 23579
25047 86943
51668 11947
24477 57377
89364 29404
4876 24145
54928 63224
20130 36170
30279 68812
7425 18796
37213 96137
91567 69688
9851 54661
17750 87287
1549 84600
37189 39508
34755 89184
88589 70045
85744 48605
76420 23910
50542 81685
60774 5221
19416 89617
47311 74007
16687 37918
94178 16218
83158 96462
75525 86833
12502 3028
95939 46116
20987 85771
83400 23357
7188 80656
96489 53227
46135 70339
56378 53187
2810 87307
78517 91642
24603 32399
78490 5452
66906 9405
96745 28568
17498 30470
24202 45154
99587 78048
10917 25808
5667 28355
55178 60878
5704 14413
8459 96426
75367 4190
19101 72120
34553 77020
19355 32111
69017 71857
53411 66985
4199 44168
76182 57927
77000 68243
19324 5131
3235 8840
85694 36349
99173 66719
11146 48839
35038 38006
83827 73945
37858 66221
64015 14181
48810 29643
19703 14500
9104 38039
31594 79
29142 71487
32970 454
83520 85172
9405 39917
12757 45548
73773 58698
11138 84415
19273 47529
12919 21035
88034 26328
51144 82769
99311 19659
34957 32885
8297 40985
71970 52609
48879 68829
14088 99362
3204 43446
75362 93194
7756 75975
40217 41485
61299 56919
85497 76420
23237 5747
27921 85069
22039 6471
51319 24008
17245 36553
7746 83739
73842 58030
9166 20016
87699 10739
68316 81202
27460 33237
44303 39859
69801 65177
34607 85545
16302 5605
58186 57837
46624 96901
46190 73114
67666 73575
31921 65940
50745 84671
62825 74366
48432 17412
20148 61858
49237 57265
45810 79182
65834 3717
90821 33425
52085 91331
26936 27938
64288 43699
83701 42202
10586 14367
43693 11380
63827 36503
53717 1972
34052 23501
54243 67421
