436 376
78531 69028
66730 26028
34727 8767
5679 47385
29624 98884
91208 58098
5038 18668
42166 61482
98135 3652
83408 57097
71539 27407
20129 74187
69207 63586
13799 2655
3659 46279
64726 30282
7276 89882
18259 54561
29386 80783
32602 5138
16523 30314
35833 81148
43175 32933
5458 55698
89801 86222
16125 69019
26324 6246
24451 5365
70940 77603
19076 31310
38441 52655
58130 63594
84088 76134
9300 84160
30393 24156
97060 91389
39346 7477
14129 1887
45818 9739
34782 30138
30399 51468
2785 42935
55297 41786
14629 60080
97460 24265
56776 54550
82114 11235
59902 64299
85735 53319
23532 93896
32531 59558
92462 77144
66956 75526
9329 75515
43625 42271
58553 16708
73592 71200
16093 28572
39001 34986
25254 99389
52448 59380
62164 36023
51287 78374
93401 76206
1049 92222
12667 74938
85977 6926
77110 9797
21881 68155
95384 76849
96307 82528
18404 1168
64276 32073
97136 65066
45243 51449
5318 12858
89887 21380
93286 40049
47590 73813
22371 39858
30031 11050
47522 36020
83241 98419
75198 83908
60057 3894
94183 48672
11672 7406
79965 12444
62867 15111
71098 83009
68490 61188
50054 57385
28593 2906
5184 47333
44593 1426
50972 87863
16840 43978
26591 3800
29957 21461
71653 71539
95245 98006
48860 81160
92473 2185
50118 68682
66038 59163
34139 90497
47491 95917
80293 69065
48310 53205
46722 71441
2552 82076
89605 38269
35972 63649
52884 51109
10380 98676
44812 88788
52212 89660
17977 81513
47797 33714
75711 62297
53371 39556
78644 23883
26888 65651
47363 33691
51439 60981
91050 58519
75097 99955
9468 40101
63715 460
40545 17083
33118 12337
80401 26598
46638 46343
6589 21540
6732 41928
92486 68521
30724 4834
98147 13886
54360 44822
94400 10045
88283 57274
25114 23543
3254 32536
49123 33550
23974 62317
98756 78203
83324 49226
45750 29097
25916 84183
41992 29272
40638 91755
74397 75131
27633 29013
11563 8602
27731 87478
81180 37361
39514 80420
49616 59567
13550 44425
28314 54776
73036 85986
66431 41316
18213 55041
33722 47197
88060 37452
23771 61061
29068 14843
33827 93358
97088 72989
62505 48448
9049 31988
53464 49622
59852 31796
32911 72577
42369 37096
94719 7524
76693 31790
27793 65430
9337 94294
14142 52547
29456 9222
9876 15019
81941 64761
312 55234
74099 97787
64798 71118
52715 68175
85331 15661
94257 78857
12148 26732
12783 58901
6644 75408
3041 44494
46586 98865
28568 65479
23200 52122
35863 93350
53909 21163
33369 5700
77564 43095
14313 13742
57675 18918
5448 90087
41037 41236
34378 69188
32737 40368
18553 45806
99160 15358
95345 86852
99162 79606
91778 1718
14018 70498
82802 1579
23582 72740
25144 60028
36848 4974
44386 33558
19599 25128
37168 98588
30503 3373
46166 79395
84181 19278
8062 18101
48203 86061
6916 75279
20658 80100
98424 45570
57315 47900
39328 79765
10733 76342
82355 82337
70867 50374
60575 39924
67595 92882
4963 62575
25311 64279
49494 74248
40944 42533
14334 77161
24494 71742
83674 36719
577 68763
42041 62059
74084 33735
19169 15044
56100 62593
61961 11252
27717 49119
98878 39591
83677 65542
12962 42591
80471 29939
22056 79282
92146 6485
50394 60298
55264 44176
92723 38564
55911 88347
65989 30578
81187 7971
80085 44569
77378 95110
9818 63412
66182 52729
30721 34703
75495 23459
61484 64268
54671 40703
80398 33794
60604 64574
98385 22488
91905 51011
66448 73583
52901 23749
19805 72022
10306 54736
14556 11379
81063 48580
18790 56833
81815 21172
56424 66540
50120 91305
16449 4983
24549 91997
81607 40118
99341 74784
66627 596
7697 78647
40240 59887
35065 55160
26368 46999
35104 67534
28663 55250
55060 68315
25166 46971
17559 13905
78097 74878
36225 20344
85089 99518
48923 14572
59123 7248
59493 96284
75440 48285
26609 364
26931 23492
30309 94036
72942 33557
9565 20094
54053 21047
26536 81100
23441 2883
25830 85487
28190 56550
51344 4977
58797 11523
23408 94189
2195 80175
20388 46801
3704 26259
23392 93187
377 51886
41449 52569
50279 16401
72378 79071
57702 19776
89443 94549
19855 57784
7589 40463
18670 12419
88823 75091
93092 95749
65924 81662
87046 96275
91179 15808
4636 9111
48126 11067
92675 12590
23523 82408
43180 84169
27510 88209
59482 83919
77189 91800
57896 55034
23282 19983
84769 42358
90037 798
54726 78725
10712 3169
57196 10941
47065 31047
33755 17960
8267 81972
49840 16259
55893 70527
90491 86271
42449 89077
25922 72452
93070 87284
1789 68745
70767 33521
88152 8541
36394 52947
69972 32033
37418 59413
74565 16460
76398 41768
38645 29510
71911 90446
41792 9485
63902 79136
6006 38739
25867 81130
5277 6781
79871 64618
4621 93350
69691 16500
82481 2746
55671 93744
20428 90491
92060 10715
77970 30144
98858 27330
59979 39025
72627 55306
37427 32844
55134 95915
70685 54115
42949 5872
41611 41660
11607 23224
37304 63887
86775 44120
95310 97836
63419 46103
39216 210
63086 51121
31858 51257
86158 64053
31995 16905
82766 17415
88586 20801
25461 50206
72942 99409
158 28743
3725 81728
62646 81312
35422 73319
60546 17822
26287 3795
48822 31784
93631 13063
31326 1529
59749 90840
37433 46978
90375 51567
57145 53381
16004 52107
12644 6043
40267 13596
23606 92559
58497 64649
53437 60801
82176 16683
89659 24581
16658 77360
53608 26625
28538 217
63950 99410
30315 65436
21771 2183
29935 12322
19282 34885
85249 69642
58410 73377
62419 64708
72813 7273
