8408 6139
87200 26752
29654 25716
61177 88276
41032 3935
50807 62238
29896 20793
11580 15653
97190 63969
62370 82851
9637 34765
73878 4708
35964 1538
84183 31562
61108 96669
9308 77963
62189 75373
73643 4017
97976 74678
95267 81721
10206 79247
65875 69877
25176 49765
99296 23946
99188 26326
50531 64979
36087 32791
70377 39644
74646 3151
50385 26055
95291 98425
12274 68458
91846 99686
58386 45423
50121 2616
82607 41716
73291 63337
15642 45321
61606 12674
20760 16884
88650 18340
36800 88880
37656 94146
29919 88393
27047 40357
28502 50945
12290 4423
25051 73903
21767 4600
25972 80219
67882 60349
52159 53379
14288 50731
11533 38010
87509 10704
40194 24419
2342 49611
18071 16410
96199 97071
78681 82315
56239 2308
12487 42137
9639 49222
76727 25049
49263 86852
2385 97620
64953 47810
14802 46441
27404 55704
87339 88168
41666 22640
67392 6936
3594 42252
25546 6066
93735 72413
12629 46371
70799 87469
28035 46094
28972 57590
62342 90760
40639 86825
2346 65722
70424 16329
11369 963
39743 17901
2773 25171
15951 12289
97489 68337
51733 72773
56216 38166
53941 72301
98485 89520
41061 31743
9705 95712
81809 5784
17161 98844
29749 39559
20157 26862
28710 81937
11202 51027
18474 66923
48777 31868
15642 96579
62582 69744
50407 48440
56513 50121
21747 51485
5017 23570
29587 65530
21948 84144
90452 68875
20639 50198
72979 41279
10572 63887
54595 92730
97311 31896
41035 21971
8457 48706
98726 4663
9806 24533
43425 27332
79398 41672
72064 43663
44735 95818
88985 18687
14009 27900
34647 18831
86057 47285
96504 24112
30391 93149
68240 82916
69183 30674
59524 87940
82164 52166
66000 50268
81945 50878
60322 99498
26726 43893
44444 7746
31753 9463
21205 92236
69794 91270
40793 93668
65349 45785
43781 95514
24124 31256
25548 9296
4611 30401
84212 20159
8234 72742
13850 23986
63287 21325
1322 98984
737 47598
25255 82358
29622 99129
48425 19203
29206 2605
15834 85611
46229 33666
11384 19293
45117 90976
29463 49981
44618 29574
93948 43650
4236 78980
52098 6361
2856 70817
49177 63552
64311 26869
29154 3660
94534 1232
28212 78564
66453 30834
53019 21507
62776 38865
35347 47386
4249 78166
8241 81067
21555 59296
45691 54831
7481 28639
92938 2417
45069 85498
77455 38673
58889 78346
87564 5859
32538 42269
8247 64109
3199 6004
21818 31756
88846 60836
21397 18383
27216 7225
86011 3803
39777 72303
84433 50309
76081 59415
77778 98715
97093 52984
71757 60572
3574 40491
36293 85851
32016 25182
70096 2656
29653 45586
28057 63750
14936 53726
63935 39102
16802 52553
67187 60107
18001 30323
53758 62149
64532 71789
73656 55798
42000 67324
21458 99455
17310 48090
80685 29492
36362 38133
86145 37180
30486 21455
26615 22354
4085 1500
43471 68455
45776 83783
71419 93
81797 41965
78658 13229
23746 84288
57054 10722
7950 37029
47614 34524
39809 18742
99397 55759
98824 80674
9385 30753
49506 13672
19061 56943
61253 68735
98407 33544
17337 83665
74035 62512
8315 9724
30622 35007
27932 24368
24035 99840
22080 6579
39634 54578
22848 46752
45164 80362
79848 63523
87720 19343
43065 33343
17490 88957
37128 2056
6726 22115
54557 68649
63193 94757
95062 68896
71601 4442
82113 32381
38984 89231
29093 44679
94605 12130
54650 26582
80258 67719
78604 68314
82591 13383
94940 87443
95758 40636
671 59894
6061 61687
72253 3855
94063 13530
6035 81401
16731 86270
1650 67272
11563 81871
93853 21631
63887 38283
75695 88826
9480 24742
57427 6630
11885 78632
68874 31844
1065 39949
48265 76970
34810 44644
72728 90465
99156 78833
53428 72872
85405 19724
29293 60335
54446 36800
22889 25885
37528 54604
70879 43755
64476 12069
90845 46183
84018 28594
67971 37170
13379 15599
64838 88994
40623 74731
24974 47137
53768 45642
37463 40748
74453 25347
65300 80980
64528 98914
40423 77184
92265 75240
47563 586
16800 9414
27531 45182
94414 90726
75815 27166
72637 19458
7414 79904
67532 84107
34015 73678
50316 59171
99647 3973
31845 16387
54694 40279
31954 19542
54809 50601
20864 12636
67378 37973
85939 90376
76123 84105
79138 26915
81751 62439
66998 19750
31706 16099
89263 20036
69515 54120
61951 3806
75529 78067
82124 82668
78531 81942
58130 24699
17215 47447
75071 4714
50836 25806
54198 87724
40783 52714
22253 38920
92210 71341
61070 44764
84496 35915
90458 51062
36787 26704
22497 37594
52599 40983
53675 23423
428 79187
62002 10993
32023 77226
71078 2161
67985 98452
4264 43536
81959 65825
33007 67032
88216 72176
70854 43811
43706 4185
97227 75137
62358 13508
1490 46935
82311 36464
50977 63003
24095 91021
21777 31929
17347 9954
41619 17969
51466 85544
65225 36182
97249 90508
43816 79504
50826 48433
53661 70331
32056 2188
78309 71654
70740 1702
21075 85333
48860 32414
8430 29568
30879 76772
78288 25490
27394 78591
91624 32074
12382 33128
76697 91069
41983 5837
41593 73042
35334 76751
5683 24260
76904 76068
33381 77348
41006 70421
41922 87733
53299 10945
13906 38574
91433 68921
89645 20380
49940 11426
39844 83133
57997 19798
14104 36069
14336 70595
57921 48509
44078 96170
65224 10079
12652 14017
71053 51644
2530 26386
7618 87606
62382 2074
4653 76262
81278 76203
20170 81655
67001 12682
49991 93641
44567 42225
92455 5167
83556 54958
56416 87697
82049 40579
23580 66955
17411 54340
9948 61548
5842 50876
77552 61464
13963 45480
77536 67943
33375 99226
95686 62819
34802 62679
86866 41230
71485 2842
91301 18010
36620 98127
23926 13839
38432 36024
76592 46024
82062 6220
17842 81110
25854 8243
90701 79676
8077 91819
62314 61009
70219 76998
71170 19393
82910 93226
76099 3724
76573 4911
21394 64166
84630 1316
22660 65205
6057 62155
18019 27382
74987 7193
39695 85849
19940 38743
44922 77536
77265 84419
20459 45860
46498 84656
7164 87952
95069 36641
76284 11044
26138 96626
77710 44371
15236 69775
48776 48773
36382 65531
469 45270
86076 93163
7956 5653
17062 99048
94454 71014
59609 90929
96612 77217
10021 51542
630 20976
73264 85950
19325 87349
8689 85570
55898 11458
10838 64336
27684 9726
34430 45737
8455 59431
30688 69987
9984 59147
74275 21191
37666 90317
83331 77524
33939 46343
36339 47514
77903 2850
72149 49088
62788 70719
81955 49087
36437 2769
58378 72037
45528 75585
93290 94835
76280 80937
51031 47071
81651 53401
27003 93971
95708 86646
7986 65068
48922 84310
80300 5820
88040 80997
59790 5800
11507 72386
96017 11946
24959 32226
16802 59088
82946 35085
64385 443
16424 2652
50466 71618
96045 91361
55630 56972
75046 47327
94947 55961
37176 90094
40848 61498
62751 6553
71482 16373
61097 67583
88058 26754
31993 93749
81373 98704
1476 33762
73538 72416
67767 99041
7648 68201
35951 74851
75965 42963
79295 20618
52312 39708
11278 5008
68608 96086
99670 414
33146 84678
59910 39957
87615 36423
92961 23144
77147 31877
92925 18400
41040 73411
80005 81303
54961 80661
84760 70717
70759 33767
26823 99383
68431 42772
43547 63002
4122 9583
71532 36692
61004 97246
99755 70052
20318 92089
27193 18461
59453 72272
84910 32295
65480 74979
48947 44542
47189 12711
81448 56625
95788 13384
7519 10052
73515 40449
89215 67470
96320 43493
90210 88828
15314 46906
59959 46156
72793 61049
54848 48851
50785 50448
59189 10456
59820 40767
84928 75542
62573 12446
42783 67102
28461 47030
67206 88659
35497 88291
95482 19884
31218 29465
41750 76085
14860 66268
93834 43246
52815 54214
8183 44587
92585 59109
37428 1266
96923 89146
49932 43904
57367 44091
79454 644
88713 88945
15164 88227
37003 16315
17196 56082
8846 51722
55210 63647
2904 26691
59428 98377
58081 96928
55164 15843
17205 6703
6218 26773
18677 30545
35928 14235
29941 68412
56164 80420
89280 67578
85377 7060
16688 17800
24886 1634
46198 78616
19805 94459
54584 20079
83205 25085
80333 58951
77009 66045
26083 98830
78967 89538
46298 52710
84098 25863
65255 64259
30001 89661
27346 53840
27350 93606
44632 70058
73079 90075
74089 37827
9072 37224
47115 91968
10350 63563
77045 93980
16470 78264
51541 86499
59932 77047
78187 13112
84460 97380
37963 10639
20613 52463
83679 42739
37561 3354
91331 7617
26383 10622
82887 15276
9825 80742
81457 8663
64030 89617
96824 21182
39209 8788
65546 71245
86168 67158
80295 68327
4470 74675
1411 2816
99553 25050
81896 72228
54540 62799
40050 6990
80287 49737
36721 80529
21266 93333
84746 61875
3894 95985
60631 54381
30956 61138
50082 70092
97707 11615
14318 33523
22366 30675
10126 54167
97188 44735
99564 9089
58095 25861
61412 71120
40037 37278
53478 44980
25794 33173
98231 48628
80532 87018
44944 70281
74078 99025
39646 96801
37269 33456
72192 89373
80998 83588
98893 78163
20334 26940
3755 39500
29312 88764
73113 6663
47427 1916
2310 9461
96369 38215
97751 76923
96730 74813
74405 96915
50335 57489
76412 26507
66071 88715
4606 59812
82157 44006
51646 88404
44895 5171
76806 29541
21345 77973
71089 19316
1912 23044
5073 43314
95392 22250
74186 11910
30407 60584
38165 7466
92399 96434
46974 72170
2384 84303
10183 27560
10067 4698
88195 18906
45080 30404
87483 96522
4753 85007
7117 9525
51941 83124
41864 36813
38094 42462
45745 66903
90907 81933
87168 686
29231 501
88260 10750
94944 5436
52955 44649
9721 73055
19803 93798
83928 75437
98156 35389
4560 17578
73964 4940
89353 78062
6825 55013
54843 36388
27530 41902
53367 55371
51527 12607
7262 38744
42860 27591
84999 1842
22714 74344
66237 23381
92326 76599
92863 39088
16569 46301
12031 29991
58478 40760
79716 25041
93526 84026
6631 78427
42967 84425
76697 31235
48297 85694
84636 53085
96088 66150
80582 80114
96613 48644
73665 27516
1061 26605
52301 75212
2144 68682
93277 66244
66931 92250
34902 34269
32559 46573
89619 79459
80055 89034
88163 2483
50374 54538
95017 20900
72039 76250
50236 57691
67515 99869
1189 50709
77847 21608
44099 49377
59843 75237
82986 1859
92764 81264
18751 31795
13074 46685
67166 89372
57707 98896
49109 55901
38398 40867
30406 88939
29113 82243
55209 42445
63676 73492
46151 96895
77628 51241
97632 22576
71137 84556
19590 22436
99848 6236
73632 14546
20321 83050
53096 88486
53170 88923
845 51904
10962 83529
4082 48692
99119 8098
941 28745
36361 5735
4137 15450
97236 66254
16644 49976
4954 38593
47026 85029
53271 96221
1048 58330
1691 4980
37041 1506
19115 57643
34093 69597
33025 12605
17261 94014
52839 95766
73513 67661
99136 89048
40042 58438
80384 25050
50384 41305
26830 19523
79852 15144
51305 98644
49895 25675
66912 12988
72506 367
10425 45953
38164 72467
29739 30942
43320 12649
25027 43967
74587 20795
40867 88006
62794 82564
14783 13802
12962 17139
86142 57555
16278 18700
2207 1503
85486 774
70641 13344
41058 96365
72985 3932
96962 7265
67888 54700
98865 8246
43971 89213
24677 40019
20881 82162
2186 57011
78673 6463
65372 65414
40457 91920
97136 14257
74232 76768
99243 51306
94605 35202
87209 12669
48653 41276
5944 55210
6129 48455
6522 82884
74917 76273
76263 13651
48235 41050
41352 56563
91670 28474
56509 69267
12431 27386
21816 92887
25076 52214
37536 72919
20276 46850
99855 29470
4244 32962
46837 66315
10157 7440
21874 87155
53899 42105
59295 1693
77903 57664
61926 66532
18510 38426
25286 29433
61521 77361
61232 16511
95859 290
84652 43405
28102 26814
88693 53743
98734 64076
81273 82150
93412 96357
17690 67459
49204 4215
14095 40304
80511 79332
40900 88647
11866 20384
38741 34712
2030 88565
45303 81800
73750 24770
95504 64429
41187 18424
99386 9875
31099 44476
48836 86330
22 36969
88080 34677
77152 619
58294 10604
37658 63012
65984 59291
36569 31818
33004 48913
94758 55687
51246 33554
6428 6840
29899 25622
37452 71663
80990 3655
48252 83793
68182 9223
1924 7513
60630 66408
528 32723
12629 28113
28193 67330
51868 55872
45452 94906
9162 11491
52281 57094
29523 30973
53285 12227
32445 99752
99840 39427
67009 44749
19984 26188
88272 24461
94573 5079
31052 56636
28355 47377
26602 33760
18739 29149
96311 31606
45809 74959
99440 77294
32807 20466
46664 34634
78065 46660
10950 80963
45984 90773
86788 4548
85207 40012
24017 26541
57105 70785
76016 38065
4249 30500
53527 81912
30575 55125
40529 62622
81930 13801
79228 9010
25681 62924
29100 19960
56481 23769
20742 51336
52010 44836
82182 15308
78194 35857
52025 72966
64208 74778
47236 50471
73010 62572
72475 30361
96600 59050
66986 33111
45142 15689
33968 73328
96534 93619
1727 775
79732 97764
51902 74613
41856 39408
9575 22406
25407 95227
93769 87288
38635 68511
94215 35679
814 89098
41110 5732
35691 27229
14691 64769
27349 7950
86155 73734
23222 3111
70754 94456
6250 4228
30669 15949
90593 90457
39303 976
65600 91338
60032 12291
60704 32241
10425 49656
19982 60892
46313 82040
96906 97517
6939 52700
63848 4920
51182 7670
26482 26568
55956 80553
675 55994
55539 37837
74093 9568
30311 92012
22132 85567
66302 75528
48882 94129
84506 47251
91793 90820
32115 84404
36212 96410
46674 56009
44238 9319
81847 95776
85928 46998
84949 11420
80960 3716
16721 95350
19173 29731
69766 84090
1084 94265
29475 54310
65406 87262
21771 4910
2007 44290
16596 1883
68713 80004
3881 81063
78407 54524
73608 8002
52666 36626
10789 59952
91456 6692
79973 25385
52392 17188
49700 25592
36631 85688
55184 79709
54086 51673
73739 51851
88065 31060
99884 22858
63433 70636
23871 81622
91283 17206
13729 36990
57800 72347
44548 58118
74531 51193
75345 11941
32534 76739
60193 34888
46117 73757
38755 83501
52392 63840
27642 49577
13326 80124
75452 99971
11701 9809
58100 18774
56755 44949
85120 58451
78864 23665
45011 40989
37673 63524
94324 45739
3279 28670
62558 36425
71974 91814
87614 56695
62662 37301
86872 45832
93406 83609
60739 85573
36972 32179
67400 84392
70982 97337
71911 78785
82228 56725
62673 32629
55827 56803
84559 31033
83603 46135
31930 16219
37818 80245
29889 26266
42912 49399
88934 15273
60721 21067
59745 14160
53294 3282
70299 41675
11372 12419
24436 31081
68083 46917
25983 7630
56000 55288
20225 27185
47235 65261
56053 93023
53410 2313
64298 55926
32180 93415
40259 6315
43623 72883
10198 16005
48731 94543
28206 31359
81061 39761
1770 71978
53037 1347
48923 7880
42928 54082
37322 38130
48286 75328
96719 95795
21885 13891
48283 5355
19364 43779
95311 22958
85473 31792
79331 73570
65492 16745
30688 96260
86482 16838
27174 63012
59394 97999
16391 68484
31427 56226
11690 3997
63749 53777
64041 38969
85067 52738
79731 45082
45935 82605
45547 70354
27326 79490
66919 37513
74776 71712
35185 14587
6737 64575
53962 75127
50227 60839
18178 61089
55514 2455
93441 22416
9590 78207
4834 78641
34412 11941
84626 56066
89430 4676
27349 22776
56158 27785
58018 28569
53735 76405
23842 67907
47620 51133
73973 6819
9119 62029
13068 39743
75700 48640
86224 33037
39123 84330
98170 88313
21793 33999
44249 59779
11255 82441
46063 49247
29634 87717
65812 9427
72545 8454
2482 36156
41323 93441
9447 90217
96678 61408
44390 33470
2769 31168
78518 17011
91483 96242
89393 53939
67529 33501
64774 40958
46708 17818
3864 9159
35209 84311
45342 13718
48199 93141
89665 67590
87524 94026
65632 45640
12233 22016
34831 44767
87025 60372
22259 8066
47214 83512
29640 81886
21924 36305
19291 12753
46636 31449
65873 41744
68083 89918
70622 39714
34328 20641
78159 85442
73201 72889
62049 42209
51751 82766
3975 79137
56725 38558
22056 73947
62093 52602
7486 10138
57299 46730
66104 638
16320 11205
82040 14330
99136 57018
5750 55
27252 18347
34076 19183
14033 45068
62729 39634
31647 71592
83438 7972
77148 9852
71187 80125
48310 96314
47731 10120
36852 39368
88379 50180
39630 57695
57903 83910
44048 23276
89894 87541
51932 23825
39753 97869
92805 99493
8888 94301
89332 77648
69477 4393
65702 64913
57750 66984
8780 72056
44071 78342
86921 29995
39558 84004
47704 69893
57878 61395
43460 54259
524 42909
78894 70613
38357 27260
16811 6723
84398 50305
2755 88581
45770 84686
43347 5594
40624 28188
53388 7538
77659 28310
96338 91092
97112 13820
31677 25
20299 92738
23099 98543
73866 43790
26892 34071
56032 9885
33093 37350
61068 30878
1838 36712
42559 24213
50340 79833
60258 47130
51735 35082
24718 81848
65197 80674
98577 77838
50365 16026
45904 21201
7669 74720
48191 35528
2453 52245
31307 90319
69842 53999
60401 37077
84308 62872
4516 17053
12696 29773
18891 40225
7310 28991
60448 40906
68764 98005
99954 48153
33849 50281
8612 17346
14003 57222
99084 79404
86922 61393
94996 89906
13970 64221
5981 26276
8533 8053
6295 31943
34223 3478
42091 73425
34736 59793
10609 43438
7262 44270
60602 18910
98416 21732
72455 9076
18132 87458
69807 39864
90281 15274
95357 35494
28006 19760
43536 79181
56882 54463
65882 38898
26185 86900
78914 2762
42141 56833
78754 89731
36051 53451
28201 49691
49506 68077
75801 66535
40408 57427
79626 62542
99348 21696
11718 15980
33421 65192
85291 18672
82921 67382
16556 91709
48423 21352
43504 19693
40086 85518
3954 71177
51035 97294
76671 54002
95791 53219
21339 81020
94527 73721
25724 72910
3530 79859
45901 32323
31623 86822
87789 65771
9852 32123
58541 48267
13960 31057
33686 88729
62778 12440
43905 86273
59031 85303
88380 58978
16664 86534
35084 79826
4329 26101
34149 15446
7020 33444
7412 36043
18164 4521
59286 95072
82667 90509
80382 35161
44940 67727
60755 29902
86537 71743
81519 75945
26214 7044
40769 24588
37692 3927
42252 23433
62903 47238
67494 77352
64633 8818
86970 18244
50709 95953
29542 622
49716 72652
25246 74153
46739 770
7463 5644
41475 58532
44029 48131
85608 80215
95245 80975
79835 20277
76859 61249
18504 63244
31710 11171
1488 17149
33503 90191
93032 99838
15518 30069
67129 10265
35469 16442
20318 92043
6515 36820
94505 47493
87754 98447
65438 32591
58752 44106
8341 59584
34426 25499
65884 51047
43437 95463
84308 31301
40996 86987
86287 11729
32861 92246
56249 69843
19883 83788
45484 64777
34165 42244
58489 11909
38102 97259
27494 45836
38395 19232
1739 93464
28552 84981
57428 67096
10419 74516
57410 85579
76231 97016
39978 63560
16131 33392
63380 71578
38553 65823
59901 11516
41359 95071
57365 63553
88577 61497
14498 66446
87005 79182
89468 43646
72453 44722
46415 1981
2545 45035
44188 89742
64618 39606
57751 35974
84656 79011
82314 15054
64502 68820
39601 41764
52928 20066
18749 79194
81932 20056
44721 19222
71078 93430
66344 89169
91954 55599
72301 48376
55974 48491
76961 8654
34637 73990
70456 64968
79077 76367
7772 12431
27714 36170
92649 16866
27721 82222
17615 27889
39509 12552
38228 32323
85846 22007
98895 57617
69133 94605
69710 6409
46546 8948
7985 32332
30062 55687
71468 59823
22785 2228
17193 65118
96637 15585
78500 28949
6505 10596
91693 46725
71391 202
13706 64597
99662 27057
48818 29406
97944 93869
11634 76270
53 57255
14636 46598
79631 20409
26580 53884
35300 56499
93041 10426
62535 66426
92290 83709
80287 54691
78038 37622
14727 17212
65458 48141
89388 36420
21552 95833
15090 93006
24570 40809
61392 73122
86707 6846
56623 36028
59918 75118
56750 95179
56533 75875
8769 93171
10595 94010
7342 16332
72010 69797
22447 8224
49359 21225
17970 37137
32361 63841
68412 59569
75685 34425
70722 13415
86117 66611
42382 27377
9852 71686
41312 10685
56371 8346
69386 654
45928 95853
86707 27869
21770 27697
6005 43126
48414 89995
26240 49911
65789 49686
41621 79284
83315 11006
43083 81494
36578 38950
59341 95991
12157 85410
67033 50535
91597 71965
32131 53546
17168 8789
44496 8728
41621 95418
43868 58364
49345 53203
99060 72022
45997 25784
39228 23481
41637 95321
87595 88525
77546 90357
80010 73198
32593 22820
15961 3435
49187 31790
44938 36392
63707 69938
32452 83804
63883 18912
88801 65620
19415 15999
99376 32238
50744 20520
34612 479
61338 97768
24579 87758
34110 14114
54407 89270
70009 70859
25249 87624
48563 54445
57249 27751
49609 67300
70671 81290
62316 91268
47910 91133
29984 75025
16307 44224
99774 67621
27834 19142
41266 23693
19409 61048
9245 6156
98564 37936
1684 30807
55855 26462
64543 74872
51719 36518
33627 83852
27185 11840
42137 66213
75657 39863
3932 89416
38045 40555
59263 23855
38224 9551
67021 87112
65527 60619
12007 25108
42431 80443
75554 43689
29957 55790
96678 31089
75996 82760
20720 60649
38443 5088
58000 52771
42092 9763
92812 23268
40303 35119
25948 95622
19733 15385
54539 57527
83765 8359
76348 86201
67098 695
76995 78560
82530 69718
82888 2327
64897 34506
46888 74491
20188 24425
9619 32638
49583 45439
18511 61701
67240 1804
3123 78091
28137 54948
2669 51836
64457 52397
43293 86234
62228 53444
16088 37436
28711 16953
43910 70506
19701 71886
93571 21122
66500 76571
81410 87062
50288 76557
87909 12044
27400 68035
11335 26717
94860 71312
99410 18102
94837 67804
27657 38234
781 39203
91232 90301
94898 58964
11582 16138
88088 44403
61218 62399
6308 55191
71995 86156
57713 88205
56783 72536
52975 46099
8501 55228
68575 2878
83067 90501
92152 9716
83680 38102
17189 68595
16219 30084
27397 7592
85522 97848
99306 42713
32932 98609
62075 26748
79168 46687
78417 38397
73835 89385
31741 76476
70654 45448
81377 39660
31238 56938
99219 73846
79235 33008
23357 40180
56745 22320
1695 68022
66753 40627
45132 50944
7305 69784
10568 33386
87312 26576
18225 78111
7259 70144
73267 31678
67555 51042
62482 58236
28277 76643
31812 61025
72880 27271
78804 12294
99306 72097
73345 97661
63084 73115
78076 82217
13201 9812
71502 11553
58507 95453
47823 94546
27454 97979
54320 19770
32547 84553
47442 15150
21095 79474
47661 21012
34089 63131
52138 49194
26975 65143
53513 40669
61202 21777
75644 22771
93341 48934
4138 65890
94738 76136
22509 88918
70709 63100
30548 40303
54719 64733
95298 15808
62908 41815
60269 1042
10221 26156
47616 83359
4839 99699
36697 78263
76563 29972
8364 87422
99148 61549
3198 38604
90308 912
83818 46124
79679 14530
3552 62781
54517 30686
87713 94740
59509 12432
27684 10904
37373 30267
1685 53605
93827 68339
6608 51818
39759 43140
34762 24843
9950 393
23913 77599
15713 16053
11655 65330
40508 55374
62515 76837
19879 24109
24847 36585
46736 25343
86259 46280
14039 15111
1897 23804
53105 30202
12591 25142
40646 31745
86904 20376
90323 8090
60267 1211
94729 43864
75554 30506
2988 13727
5805 33733
94772 44328
11725 63424
79375 36547
69369 58785
41213 59920
47996 25253
63827 26373
73300 80475
68697 34219
82069 4231
70828 87585
29316 43553
25789 82776
69725 36756
26095 93269
31854 24607
19965 32914
4313 66263
15730 95196
59606 96643
11246 84758
54670 77759
92840 23669
35073 43802
53031 56739
1985 27191
4648 95805
17365 95536
90747 10293
11831 85518
64198 74512
61239 530
99744 5384
82165 63920
62935 14059
2698 24527
33291 88090
6496 75978
8624 27275
48501 5521
64304 60136
97021 45641
12551 9838
4861 45960
70117 28559
6865 15546
87376 68304
16678 74463
29535 62924
72128 37258
10784 47631
7606 26883
5619 90107
28465 78982
57932 17414
24433 67586
32373 47066
71560 3419
45673 23348
67100 99753
80283 6150
56809 29943
20653 77686
44093 41412
39833 43484
8379 44101
8332 74568
11193 24865
9221 34841
54625 72724
73691 50023
90772 58413
1364 66266
28002 86511
31663 44592
44755 10644
77851 14107
66753 53701
2781 83617
67548 73123
58735 61946
79685 26914
73595 2358
87315 41736
17092 96533
67889 52499
15069 98220
71645 76720
61999 71815
5707 40517
58584 60609
22593 39975
42343 42669
14200 36069
80001 50961
56321 87643
24351 26150
98429 66016
53070 41561
27076 40153
61421 10029
8864 39555
98162 58743
3855 45837
82950 47328
69924 51739
58564 72583
85893 80549
93310 91837
64719 27477
55288 78598
33838 25037
11723 98878
64582 11135
55139 17330
99629 46419
7106 80227
98158 79012
2875 13191
32199 72195
55127 46792
67435 20691
24883 72962
76002 17259
17152 87081
41732 81431
41378 6433
59394 63351
27026 94916
76797 55743
82492 47200
88845 64054
63234 78198
11643 38167
4087 53052
88967 6738
59300 62716
2723 58380
36358 26675
86389 3963
90382 10259
36409 18283
93856 45569
43229 88187
56628 73751
73220 26529
90745 67427
56868 38242
12461 15559
1735 61243
91846 77367
36622 74011
46156 97310
50825 25542
42748 60633
64768 37043
21095 2938
47661 14191
54800 61990
10368 7801
7954 56728
65754 98083
77272 27484
74258 57175
68355 52020
19475 52880
75432 89847
5212 49725
80591 43565
72894 54145
30677 44468
11522 93269
299 99294
5761 52133
26068 83729
88585 16367
71851 52773
33503 21607
1787 92906
46968 15094
24325 72127
42654 77558
4574 31612
52945 33432
34542 81321
3459 16958
93585 22661
68507 92097
91130 42592
39827 32300
91660 45536
43802 61727
59359 7776
58067 15885
35521 76909
19540 57598
51698 40168
96872 76270
71142 30790
23534 27500
47975 81843
72663 16828
58257 36586
18891 76149
116 77887
3813 63684
38358 76117
64339 8327
36814 75944
43383 19315
13482 40485
92552 56111
78986 5357
77362 15191
87586 22646
50898 67161
60412 14601
71707 23067
71316 32357
81715 86291
6746 32507
13654 69838
47764 92208
34066 55018
76089 33950
14058 7835
39511 66482
88852 64618
17869 18448
55547 89041
28178 39371
46301 5632
3372 87853
29069 92411
97306 47413
57202 99482
56011 68788
48583 87144
99045 19375
90809 28869
5695 14944
22604 97700
48070 32757
56342 44333
23068 62768
24034 60764
38580 62437
47183 84896
28024 97279
99663 9277
45539 48155
63944 91467
54792 30602
28630 76180
75465 12660
78055 36154
15552 96144
68893 86574
96537 46061
52272 80634
44886 73901
40522 71193
54314 47460
69225 10905
24575 8637
33024 74080
90000 37013
14550 28772
27439 36830
37221 65458
66272 83518
79100 70824
56956 97773
25438 27866
5168 50107
52001 94417
2395 85767
33552 2695
54067 15401
52266 80780
81377 40521
84288 83140
24480 4197
1147 19975
93186 73743
63603 48672
65739 19597
3033 44207
51988 88152
58414 98919
43625 349
29194 59504
10219 47007
72022 35398
46320 30066
54610 38072
34494 21410
14064 42218
11091 35786
1910 88147
23680 38846
62945 82432
49833 22945
85693 30447
6407 87439
29069 84341
11302 97109
80745 46777
18695 2676
69371 39286
96095 17762
44961 74749
79446 84392
84751 13232
42889 33637
89738 46953
62089 58313
69229 41265
15450 40667
13416 45449
2357 11572
53212 90052
66086 86370
95776 93675
3694 51206
56159 59672
27746 85526
55832 30747
15178 46843
47645 59096
8931 63828
22228 30855
12318 83858
50297 97459
10431 51194
15162 23612
79582 53638
92121 17237
59049 29060
64334 95686
46432 11605
57539 35595
7576 25583
31510 48435
23417 66300
8922 39682
28608 46777
18518 73967
38718 45400
9316 86791
35126 81470
26995 5352
61699 33158
6054 4839
76144 76636
95475 11466
80414 77506
901 21551
8321 60686
72475 52227
90979 61418
50310 23468
41216 94099
7183 46016
6057 7035
5711 95211
57761 68168
68852 10925
38435 41842
43586 12890
59961 4744
93744 92632
76678 80108
78855 68548
80350 78738
21671 69485
31753 66437
22178 46168
45091 23555
67455 68698
7679 51932
76952 12609
96607 98582
34396 9516
16574 81068
23950 8750
15974 60522
89220 36783
27866 44979
26761 47787
4718 70268
42651 26673
23657 2734
49005 72965
67242 99207
38278 41566
99168 27034
22529 11849
27313 5034
62027 27172
6836 29843
92969 58852
90711 69698
33231 51023
29209 78327
96745 66243
22289 7018
30902 5325
24485 82692
3080 37747
53236 8865
7429 87371
22413 4629
95017 50593
34741 74468
49250 16757
25574 14119
18003 70426
81706 25966
18641 13817
49668 24281
74089 73804
46439 1246
44632 77059
11229 4967
91921 45698
41089 63504
64155 45729
90405 93485
2480 41611
749 91170
62688 62751
84018 13065
88012 52914
37505 90064
8171 36299
12057 23096
14280 30374
53329 41687
68737 62450
26255 52055
9610 11507
86610 25845
59848 86624
16904 20194
21367 23462
82745 18470
34405 98947
27483 472
2356 78668
13627 85831
15836 18375
82234 3668
6758 44466
60493 15733
83890 95834
90077 58228
89842 88901
17509 98510
66829 29289
375 67029
21533 38290
95159 68399
19281 90464
30206 61908
9708 33894
62648 37747
31972 8621
89959 90830
16228 46447
70142 29561
4490 79932
87878 80927
63241 82072
14620 84829
43273 44283
44657 56037
35714 79343
56329 10909
42085 11670
89085 52669
78803 73762
54937 20821
26883 92603
82462 67684
78240 86781
99041 59938
13641 24087
58954 82007
58736 58892
41334 42721
15323 47318
36214 70195
16230 1950
65710 62512
14495 40165
14262 76244
88105 86495
40444 29003
48922 60819
54849 30264
77852 63260
15127 20368
98735 30731
43049 95836
25958 21602
80308 38011
32486 12602
36902 62877
77898 15550
17030 23945
38209 38798
16715 82296
11374 30045
33827 27607
65096 72916
9806 21801
80280 11757
31777 99747
25277 89496
87300 75471
10443 10649
29716 35817
4103 69576
84386 12421
31021 80015
64241 70631
2027 90000
23900 12105
26947 14237
28878 32441
17453 66750
78632 6552
17202 3119
44478 15580
16050 1022
45594 61614
24351 26513
70296 57581
79584 30527
37000 51146
29103 77202
87152 98922
4731 97739
97287 95143
12999 64382
55739 29039
8617 4721
2060 74499
8428 67490
45999 54042
67566 28606
10731 36443
91875 30635
61535 13190
27504 72511
92762 61196
6096 8838
67458 90963
23891 57312
76846 92531
59194 94048
69580 62843
26493 27758
47196 74444
36773 99398
46898 78301
17970 43671
31288 64662
77717 31781
15946 26325
29943 12872
74968 45100
86609 13547
33895 98432
93266 37517
33648 99372
85501 36291
79520 14300
75815 41044
98263 275
73437 49692
5353 88901
53948 73162
96800 765
72855 43393
83287 96376
64501 4091
20320 84809
19441 17217
72000 59891
78552 99156
72270 14226
87182 26504
47223 95570
52105 98339
53053 23574
90933 19363
39635 69427
34510 73077
3491 33010
31049 98238
25864 98737
58443 93942
60820 45827
7184 95656
87691 12587
68646 6196
60070 2181
97583 42638
11026 84510
40451 30748
9582 60503
62859 73691
86928 4421
33511 60090
26689 93972
67369 75581
91868 93120
6968 99611
43571 50906
64814 19201
71018 45801
17275 84462
83578 69926
13727 47701
87439 55487
77235 86110
86091 88661
95265 81156
64513 27262
43496 99352
89306 64739
31673 71709
30324 22435
42716 11434
47741 33582
22892 31531
31452 50956
59319 48960
3529 58228
76607 89789
75344 48437
89659 79592
3059 20656
68118 31839
8645 25307
46671 2543
86511 55520
49368 542
31950 56188
35608 81665
71347 72480
24457 422
5602 62356
53466 3852
97396 17071
99693 58694
32437 14336
69690 53821
71366 59816
92267 82859
26908 18653
33406 35456
73983 28425
4806 51392
75244 58057
23723 46274
15828 10159
95045 76627
5275 69633
38724 89169
17721 62519
93195 78449
99196 68096
44081 8186
59652 79518
67071 77416
83910 13605
89364 1385
21578 43968
58340 43555
87277 45453
22292 13228
70464 5084
40064 21457
60807 84243
38774 41392
23386 97325
15897 45885
9063 86
7966 51489
85390 99217
34450 8118
76804 41074
18802 1900
32881 31589
1265 26312
68498 11077
67894 84768
14999 32421
95419 99232
95686 26699
80975 62535
25974 8688
77589 79051
4917 19873
95747 83729
74051 13985
26180 88662
27669 73093
87414 90697
60402 26230
92813 67630
83321 42675
19790 44668
87514 54444
70357 26304
63576 81256
86063 97272
66093 89184
26369 62073
87398 13217
2879 66794
63107 878
15989 40871
30201 41436
46274 54846
24271 90165
16120 16661
41348 41301
87038 14786
96967 49392
84782 57745
22622 93610
10871 7235
4832 98109
48860 87273
1755 14423
27506 89709
41646 42873
56358 66857
35792 75801
70965 52493
78024 50433
62419 65501
81810 57614
3813 40753
86272 79345
32582 40628
44023 48209
59302 31974
71630 7080
33638 36986
66227 34722
14877 23160
77701 65025
43542 7612
29210 31419
17040 25397
52507 53850
46429 71879
12164 6427
34691 12106
61541 80400
76158 49576
31267 58078
15132 18339
16727 53184
20863 82252
28398 74978
32543 66701
27527 73062
90789 3745
82456 25026
51281 1558
65802 90176
52086 33138
74872 51326
13016 89675
74932 98700
54421 97805
802 77968
1273 3672
17499 36421
47656 16576
5164 3863
5944 79723
46228 14761
36532 50359
77801 59951
85722 5393
93524 44372
45022 84414
47312 32374
13957 97270
6159 19461
44555 10180
76597 91431
64829 75912
74491 83191
28064 83605
79661 74273
30024 93427
1837 58728
2402 37854
7662 47425
34122 78405
22873 6997
96629 71596
71051 83107
71593 76554
10645 27675
28320 14316
7387 40132
48585 52688
33750 88247
88519 35563
50386 16321
35152 36196
9264 12197
46895 13910
27429 70136
34562 3474
49497 75555
65244 76058
73418 94661
32420 14759
8134 32879
25365 74245
3316 77573
24348 58770
19020 35555
60957 51394
99674 40822
55151 9566
91199 72863
21563 60288
58256 57908
55169 87224
10261 68927
55122 95658
30667 80669
93335 83950
45667 96671
63401 91599
20001 74860
20471 58349
64413 6686
31203 67291
35557 50336
74629 76481
34265 37143
48806 70971
36974 35254
3558 47352
48268 41864
30968 61435
36752 38474
54817 33118
60011 87277
71548 33514
99584 53145
10680 42017
65034 8197
14040 13684
89812 45568
9938 68301
60959 25451
52049 9031
54495 42525
64628 26672
52734 17854
47500 7726
76024 99372
92321 27927
32062 85401
94254 31863
79315 52266
22049 66542
33522 87130
31932 8016
16070 48629
26711 14595
3311 82429
49531 49700
11876 44617
16296 1890
22188 10881
43504 77442
13444 8419
53210 65177
48956 45313
97408 59605
24954 87873
38481 21909
23029 83611
40304 30028
37275 57887
54227 25090
55819 93228
24836 31091
27836 11770
17508 67694
82517 12657
62019 75638
50962 50800
51849 97349
43654 58087
17713 27108
59443 5949
68104 46581
36947 30187
52658 70409
73587 81566
41958 86282
53363 84217
8461 42739
41383 71857
78886 90994
87129 34319
87013 52013
15524 86162
67408 56442
26714 15050
50913 26277
40288 35134
92615 75950
5869 51783
66500 55496
77070 21043
62128 97372
43141 95139
81365 30852
18309 78572
18513 92816
16952 46298
39863 87652
84569 44809
85934 72920
32186 31210
22448 90455
64512 2788
63116 53344
75874 41328
84037 20968
50061 80316
62386 92086
22787 51913
91612 99622
26327 28494
14690 23655
22834 45074
80952 38685
30450 59509
47395 5311
89958 74600
81823 2394
92051 79440
91161 38284
76274 78311
76950 57834
32495 80059
16266 57914
18443 6574
37186 88570
82844 26356
88123 25591
17896 47192
22312 5527
461 14327
66479 80816
56604 2467
86029 718
34553 76641
96270 35377
37533 13771
7733 52556
2388 32560
22298 17736
7680 84847
71207 18782
22452 54911
67995 98657
75961 89578
21575 90642
47948 16782
8083 27274
14686 22843
96826 51891
15347 35543
62857 79407
39620 31101
64900 75664
11709 3129
86690 1694
57375 53198
91852 19669
12095 49584
5986 58148
72613 50506
6038 13422
34158 12954
48302 18189
47723 55952
66534 12938
85184 27283
54028 32006
32454 86907
10499 55061
24521 4440
89248 6846
33706 10538
78288 21052
40766 39878
77264 37952
68013 52440
61811 82988
11444 31739
75136 87033
69283 20291
93074 18226
74560 57939
2774 47351
17667 76071
29968 81179
63736 2060
71830 66823
47680 10595
54195 11765
97167 2754
4582 6165
17231 68178
52288 86123
71676 95154
98730 53295
871 46674
10013 9963
77395 85081
98119 43617
30363 91200
96749 63747
50122 25333
3235 83033
21153 44633
15126 24094
74228 23426
68259 48099
83245 33242
63165 23115
70984 23742
71467 5645
29462 99935
64935 29622
63002 17125
79776 84836
47823 25991
52889 15660
72767 47860
39208 34516
74829 6061
79639 99482
68589 11784
10727 57227
34663 15055
35560 22253
75415 4799
49506 23574
35984 59242
19408 95410
91444 85749
46912 91745
6333 42714
66548 5334
5880 2631
41859 82745
56933 15390
91608 92102
28536 28115
30130 49868
93627 52273
65187 43823
34122 62549
8466 29831
67669 82033
72281 57279
74913 90731
98823 86134
93352 34843
72414 53505
64980 58096
49206 52871
94248 23532
82233 48516
80599 17571
90853 31078
91851 7041
74701 755
24799 43073
9368 30497
26181 24534
57281 45405
95298 806
42837 71365
8845 50569
34808 55246
38355 1775
60864 10238
49238 75223
22136 56882
98921 55289
26655 22650
82678 77597
58342 78936
53976 82530
76822 6821
97345 50360
79784 1868
20245 46406
35850 24621
16717 65189
81953 81403
54294 56514
8065 97503
71951 58880
76695 93427
20815 4564
8576 34599
49980 78183
80463 39647
19156 43768
61099 12114
85288 46231
90542 68685
13084 96811
13511 21007
44457 36461
73337 20171
96220 90507
68346 67016
56276 59942
2261 87812
73511 78516
49480 96077
25981 84287
92647 80615
23220 52867
3159 4329
53435 10644
71700 19423
59223 84566
48459 99241
44640 77635
59584 27771
57317 42281
88042 71131
96100 97417
63026 37767
21939 84569
76216 50028
3066 48003
62030 20175
36086 30788
27066 4648
14136 48302
59928 13890
324 51494
45782 38397
33427 10118
74487 79404
26673 30652
94225 98296
84191 23786
63823 1018
56626 94692
53551 8773
11250 13653
26884 83226
64988 55290
59381 78769
9057 49253
32925 57015
44165 38843
29705 58666
33472 41463
97245 34751
17344 30853
80239 26397
40870 29319
90698 54048
49124 71284
73037 6966
35205 30068
10666 2085
42853 10469
47751 16931
68469 63545
28672 3581
78329 15414
29667 40721
80745 90548
2258 8851
79603 99683
59717 37580
45111 14882
28901 98678
94282 5737
15634 68065
84628 60608
38750 2930
20242 99813
21584 27007
82100 65547
40931 2996
40256 33973
74340 94256
14797 42623
24279 19017
31209 84278
99634 3268
94100 11450
33408 33598
99395 43299
36479 1414
65790 16345
62019 94272
57985 34203
52177 18243
5791 67449
89796 42876
50490 24314
18764 11081
79981 54871
65962 98335
73186 71134
3158 98117
87772 34480
3321 39670
9935 95235
81491 10787
43331 70720
79190 84687
61364 92870
63337 36593
76085 50021
24678 7925
2504 12324
75164 33019
76327 91357
11885 36599
47039 45851
39409 1583
54800 93890
49490 10721
20366 12391
52590 33722
51203 2804
42904 99743
85514 49702
98455 36232
40982 14959
99110 54016
64265 34708
13522 14151
53117 8655
97247 13584
37759 13326
67044 16131
79758 56466
14922 91324
2401 70802
68048 4586
71006 13781
41322 32497
72516 14267
66750 78728
74466 7605
51110 95900
63261 48681
34256 84459
21454 97103
7617 2474
72738 6902
13805 50368
22968 87679
20577 83081
998 37761
75066 49779
15445 69188
96171 46564
2112 16582
28923 12594
77465 84345
94948 74601
27461 84995
80438 44137
32635 75804
60401 51206
29416 33459
36143 60806
27725 69962
3832 15590
24320 52629
3019 17238
47943 41152
16284 36152
7680 58854
93456 66469
65820 56762
17091 56552
31487 61090
21506 53953
34850 76118
99953 12291
86993 85094
69351 55094
77102 81490
91213 48310
57228 83919
19075 22226
95892 42441
44507 92558
32547 99387
63964 9121
11594 92216
65216 26200
82509 41062
18134 69745
2149 61726
78561 28417
6974 57646
75766 55055
62873 5463
70594 8502
38859 20974
67331 16231
55613 29855
79562 47812
78186 75877
31231 29318
62724 47508
77340 23833
71758 84432
10033 56507
29187 54355
5919 22080
39246 9739
57565 50512
23728 857
83319 19112
95678 83699
2601 29461
70528 11874
46120 51900
88979 52357
47129 49973
94248 749
96440 13131
26147 33215
95635 27134
17020 32021
98061 43681
28001 7869
39067 89436
47923 89880
63210 81226
24644 20380
6775 65340
93503 71283
74421 22549
19808 38234
48331 4141
33720 31043
70579 9070
7307 45331
31325 1594
75345 47108
1610 18914
38936 77796
95537 58320
26144 47157
87965 9599
10654 875
45388 53885
26554 19377
21106 52944
58320 34212
67732 1806
16691 80694
67054 23235
36645 89868
95758 80175
72417 83073
42230 37765
48626 16065
83005 45774
51801 19023
74031 43012
5450 51775
98633 28151
66639 1500
74046 65611
64068 64260
74324 6360
77049 47111
28551 3945
27956 91915
8230 58142
56140 53387
70321 42634
83695 18227
59425 2965
2333 60070
36192 88379
15690 31160
98540 97547
80448 12405
68761 2248
55162 24280
1004 33068
56491 26164
20480 89216
20117 85039
101 98118
23922 4258
22076 36175
34703 2970
97948 68357
74028 82778
27760 74690
71357 83703
1687 30039
58764 37786
94275 40103
39924 61442
49147 80617
16679 60927
90264 81001
38154 62264
59563 16679
15860 32166
45942 78006
87282 12055
431 89311
75846 15340
82272 44476
12963 4539
79401 50909
11987 92429
75421 22534
49009 11585
60384 9647
90960 70760
56528 91459
99378 42023
15033 321
47089 52312
46975 19102
61625 56265
52952 1345
492 19611
73615 6886
60445 84292
77315 18428
17013 64494
97125 59399
92114 1718
95966 79518
77923 61741
22918 39566
30317 29850
23502 1589
37929 8663
67287 93864
9507 34576
90073 83309
72381 18599
66557 86914
31082 67346
39139 92820
43091 16315
67325 23337
23829 79775
28626 97431
99809 17872
30172 90698
98075 21299
5066 88770
2652 58947
78463 33458
99792 74668
47825 85506
84185 25680
68043 7310
20778 71814
68971 45350
95788 93622
37957 9964
82300 90718
9022 67960
95211 45456
96657 40471
24349 56146
9070 17192
57803 68156
26230 77438
49025 797
27104 81153
75936 43799
83864 24269
3933 89887
2746 50768
47648 12062
86299 64496
14342 20402
84161 4836
49824 60205
45222 93558
4018 92853
17337 77671
66997 82115
70396 7019
33493 44356
52967 44553
29491 36763
84068 51804
78308 13949
77329 14292
75472 37043
5633 39030
2676 10524
75259 90392
4896 85608
5273 94118
40986 1630
21579 79072
62394 20503
68370 96889
29356 97248
2245 78042
9169 13788
27951 59133
89022 3360
64206 87218
30363 28566
96118 52893
66916 64186
56780 94838
96972 91168
33644 97511
80886 79084
64708 22354
93754 58072
84758 85993
25574 71154
18874 93076
86170 86139
40889 8782
4139 37129
46227 69384
66977 8293
41178 23365
18328 47534
12053 91740
24099 72341
11870 99546
47940 66495
58020 67549
45270 20038
64010 61018
8164 45144
56710 78711
10894 95638
6947 65778
51595 69654
80543 73496
41858 23778
88462 68110
65455 91063
93333 83436
389 53703
59792 90462
89638 65495
69324 98817
21965 11042
80205 29708
34276 37876
17482 51012
61070 10319
88492 42054
55390 29034
51219 4417
50878 63437
54673 29913
71786 14422
75052 29286
95122 85431
12672 57075
54587 58549
35483 85663
255 64683
82752 29791
5032 83653
80997 77946
62937 44741
2260 90284
1893 87458
9005 60451
52246 48676
64291 64293
97959 63337
46107 68712
50731 10467
72144 21945
24964 13752
85042 89686
18604 55937
3138 85204
43856 24395
56247 63865
91855 67065
84284 51202
72735 82687
74159 87967
34121 27593
26500 96466
69192 36786
18593 19124
3630 397
96095 12496
55680 83648
25327 66694
68277 1668
64466 35113
48570 71047
39520 85282
58577 5257
24419 62251
62253 56770
37753 81812
85143 23515
98037 95809
14733 40464
73117 41193
39005 13077
91854 43769
34959 62510
5268 86064
95416 24501
68275 82880
38312 58199
92609 68243
48157 78135
98505 98596
61133 90282
36201 86754
76705 11610
51124 80016
36308 26724
42482 72232
81848 73977
98427 55699
65905 15488
38496 49554
67288 8115
54018 90969
5689 53789
53560 398
5749 77059
38894 46702
50689 10712
78977 32009
86117 37478
98019 37633
67359 93676
90557 33711
12893 60379
52744 38110
58758 59224
64755 94126
65618 49278
65409 21874
57549 80953
44680 67635
8696 29195
78034 92330
21960 95402
67263 12906
75973 5344
27522 13620
45900 48682
51456 44704
73774 68602
23028 42939
46575 82806
3342 22019
24936 13782
53871 50125
84645 37257
50094 33504
10631 22801
51638 42007
13570 11234
31206 24387
32513 88455
55663 1543
17182 82397
77658 23258
62218 24598
58496 17097
14059 81560
50127 30130
99512 16220
94284 52073
19487 47439
83019 13623
29728 52436
30041 77302
90640 61695
6323 76246
45463 37595
45132 42460
96210 5318
37899 47742
37681 1936
13194 84520
10714 75104
71192 86105
20932 81262
68664 14822
68509 30794
31104 56119
41509 53780
34523 87173
62705 94721
2440 29155
5673 81181
93464 45554
6986 81315
371 27338
24036 54215
50228 53976
42876 43501
28297 68602
81740 97839
18548 46661
10815 79674
8076 36512
65269 70129
36061 63142
6597 54025
84516 21704
7158 69772
69011 42889
47236 54966
54707 32096
63106 54331
92157 36409
63538 79583
94336 82228
29966 5468
31743 67397
8355 98432
85776 2002
88177 37004
477 58040
26764 84726
84199 21895
48606 60008
31774 22817
25827 85950
59338 9055
14603 86700
15686 70956
23643 97846
70783 66120
8652 4471
88569 41958
54091 9658
13578 73038
59735 4132
31325 70300
39143 12424
70577 38335
60481 40145
93624 74011
67844 49276
2168 91815
13759 92123
84173 79248
61047 37683
4005 61364
89765 63966
48930 35816
8726 91082
6844 44979
87433 62137
63901 32656
82069 65535
76547 93392
34976 44871
8801 24310
33417 13806
97342 89145
94591 7910
84404 61477
18471 7733
27922 18714
29338 55411
67419 4300
18916 89680
27493 33633
59655 62699
81403 23382
99990 380
36380 31483
46970 24427
45017 49842
66928 79990
70970 88020
60841 90928
25370 91052
29705 27964
70791 23385
44009 38774
36259 9329
51254 60938
62918 93625
19503 85051
75545 17485
72106 6814
48508 96639
7695 36636
47393 44207
98332 27507
36078 25528
49439 92790
60544 40451
50495 19657
59011 78482
25972 90309
61018 88791
87146 74938
83389 10905
74947 53768
34102 81942
41714 73669
74787 17468
5088 92314
13816 82926
47690 85222
34362 71173
19489 46489
80900 30956
71529 74266
50470 71652
40250 10178
1729 86430
6210 62303
23340 84387
10146 40722
29970 57231
83692 16209
5650 53042
94412 20358
61790 35406
89692 38637
69276 35196
46061 90298
85896 28167
81157 33649
98000 19502
11740 38796
62870 75366
45534 91289
79506 43287
95916 19993
83662 64794
57018 90819
81032 87233
60978 92254
12787 19855
91760 15850
15734 10524
89253 72440
6443 22866
18741 10061
16449 4467
59992 65860
93979 57648
89212 55977
37679 15987
89793 75422
74184 29846
56252 633
80357 65226
38133 89540
70359 76402
5513 76573
51623 49573
40616 88307
41357 97295
9304 39823
17690 85648
65232 81768
92719 80667
49054 63278
30660 73785
4802 30848
514 56612
66256 4086
54729 46572
42066 28792
14571 77877
91716 92868
2159 66647
55254 80332
2959 15005
71022 45014
72890 70599
53091 85242
74995 81640
29283 9704
91408 51048
89038 70975
13756 86210
26616 92631
30229 29863
11627 94008
6126 38554
8835 81761
5134 31827
59408 53922
8048 1788
55479 88546
19617 8279
65265 72633
31046 72341
1259 93207
15411 53344
13029 76828
90196 64786
27091 32477
55720 99644
19423 91942
94113 3104
79268 8754
30469 44536
65845 7669
65744 93837
19124 39731
87152 53184
90683 42790
53095 13924
65271 16731
49293 61057
63975 13429
55660 32691
97090 56809
74850 24938
60878 54145
51810 11752
56074 96314
23763 50598
30853 13669
26223 42798
64964 15081
40006 27970
77440 59263
73241 97396
19493 73653
41759 4332
52501 21676
31619 19558
23907 77882
38403 46097
38393 53449
6259 53617
25618 27702
67544 13981
50240 46867
78094 39425
99911 32453
73443 38878
74848 57926
54297 89989
93495 44644
19592 25952
52910 28256
76249 1801
5784 57425
61484 15409
96798 29183
74547 37627
36542 46088
1109 19998
23270 57725
35436 83398
32734 83686
3015 43411
65307 65370
10985 95160
86317 51816
16616 89853
5682 25682
24239 6686
96544 90124
81884 98219
6111 30753
63586 90374
23148 35214
86952 82663
89560 19622
59433 30299
88775 45164
63795 81505
50322 31420
79496 42284
56773 3106
38815 51652
80897 80801
88995 33252
54011 2637
86547 38589
50971 22929
31457 10482
80383 43019
49619 71610
85365 12939
78053 52866
58660 91991
16453 19496
17604 65578
84150 86305
26081 87953
16622 4660
88380 86380
5367 22428
87946 62131
9169 96041
1171 36910
32111 55040
38356 19260
67734 14647
74334 90349
14369 76122
47124 23912
54687 95401
97137 86246
18387 33047
56352 10805
58611 52620
76578 56854
87723 10020
46764 46846
17815 5071
32774 31641
42348 24303
6605 78947
75343 44604
56433 52877
27516 4515
39768 66174
82305 63107
90777 74511
58784 89999
39330 65678
45873 1359
31443 58076
97341 90686
50977 13903
20164 55853
44116 77105
84536 24959
99753 70303
65376 38859
87280 33770
76086 81726
26126 17113
50985 30806
10973 49126
91516 5896
25256 85500
85381 84538
17936 37184
69199 91017
59817 197
86584 28709
8765 87190
55956 62320
39528 37168
16040 70979
84698 21924
5647 74601
16376 1818
35001 16610
36220 78057
96583 76034
17744 29600
1456 64303
34231 4449
49024 61638
17989 63648
95732 66774
13729 75880
25118 85699
41738 98390
13831 81925
57583 39452
36104 5478
25558 76927
77968 67208
92566 55290
71362 51357
72700 80953
67315 49549
42506 34847
32464 21619
69811 19168
8758 81056
33313 96423
5080 74295
8592 4626
253 81903
76848 78033
35104 30517
45990 6122
46830 52167
15211 22456
89771 81433
31660 63463
79021 92148
58600 63066
67455 23058
38998 73766
94592 38724
88604 87988
17538 49548
52793 98595
93259 43939
34620 48579
14935 86676
32138 43643
28660 18207
56028 10563
13444 48055
51038 8875
20223 63141
59090 49459
63054 78242
42315 48241
40145 14177
57874 69198
14042 16355
71813 97641
20016 9984
40403 91826
10189 50117
81601 55248
28768 65072
62248 70460
82188 24758
15540 97764
42247 10110
66694 67177
97564 45828
39187 16705
89706 83479
91012 63285
7874 45626
40148 71876
64748 55495
55061 55103
19971 18247
39211 14507
99893 67963
32847 70594
43204 2551
80717 58290
21191 54657
37958 93564
81897 33718
23919 37110
18345 86310
69168 74762
2745 11251
51527 36277
43584 60470
87458 22857
23224 93722
37448 29899
99408 56319
56881 96341
84714 408
29961 61013
49054 909
94129 92652
13558 14490
29278 55697
96368 19918
6968 2348
2047 54061
57021 3771
72490 30607
86747 92400
50732 82655
94777 6192
17490 96860
13455 53205
78752 38523
14153 29230
15885 21731
43912 12698
78466 19439
66241 2608
25214 72240
51964 62619
39925 87657
49494 16022
24076 94193
15839 46676
32127 71924
49917 97402
97532 30675
18248 20291
12581 85759
65611 95323
17458 97570
89673 21157
35277 47862
64918 26134
24276 18603
10394 72983
49626 57574
9202 28902
65030 8604
14703 25749
57554 15547
99028 64458
89357 12290
60284 77214
17210 99172
14033 80222
62095 29066
33654 30829
42263 87501
38975 38912
85648 76671
2676 39872
43982 18659
1554 15788
6934 69713
44041 33140
57316 86388
77343 80799
6597 67883
23403 61830
40510 11819
42139 33751
19075 25307
23023 49491
23200 50934
70683 29551
29812 17421
5321 25015
40177 65795
23349 21575
69310 41807
37167 82256
59829 19901
43868 47417
59973 62957
50134 42619
87153 8275
94503 30628
91886 11637
94930 80821
66345 74192
52010 98916
9087 45140
61337 69787
93668 57283
87451 42967
13181 90870
87808 34954
89157 76312
99821 61881
10412 42505
32667 6750
16787 92124
68663 38727
89809 48793
63809 83573
92529 31868
44621 45022
69458 6036
5061 82220
45318 89157
17092 18908
69203 67526
70140 89664
61429 25892
63953 26685
51738 94813
13853 7406
36612 5446
62026 2847
48523 98470
3227 65010
56664 86328
32387 9022
19115 58317
59787 41963
14583 67816
3057 98487
23872 4320
89252 10964
84324 94753
14697 57831
7215 7403
70521 4331
69221 48946
19776 6284
2716 56188
34368 87277
77375 74534
88876 96898
73036 40992
43213 27638
22775 85356
28161 45639
10533 55075
66102 21957
3154 22064
86228 43223
84331 24530
30480 93269
90645 12862
95898 21423
48772 80444
53744 87556
16677 23525
49800 85260
43892 51051
53642 33071
41478 4977
65876 98060
84321 58447
57493 53235
75679 97807
36370 68331
68591 8467
26211 12781
72180 7981
53879 13542
8004 62916
52812 71513
91722 29590
10840 2299
54404 71920
84419 49174
16133 94072
27434 56710
17428 50340
11390 62367
50572 45056
12163 80357
28890 9228
64337 59026
3234 45788
16695 97011
12507 26902
45523 56779
42894 76279
81659 63760
31962 45039
71831 73641
6803 84576
79844 97366
33695 37379
16690 40616
90936 46467
45831 59364
12333 76607
22907 43332
59712 46316
76506 60918
90217 48657
23237 24155
89841 16330
86481 34121
19704 60422
38374 50986
52273 27881
70369 28827
90720 41163
28050 55598
75939 18902
65407 70056
83718 31307
42687 33923
62861 65662
22016 36685
70158 27382
48162 32648
35028 33262
62234 37512
7550 14359
43984 57176
89213 11060
35009 21973
46521 70172
65597 29713
65229 63099
26570 62321
87591 75569
85599 85040
49481 66865
60394 17562
56619 1924
23627 19537
73750 88228
66774 7852
62122 19521
65301 66227
50169 65759
80740 10212
13354 55574
81459 74609
15223 11889
31464 59168
33743 10320
72026 49834
94517 13318
42807 7644
11230 72283
72159 11545
31415 91146
89638 34837
8670 14756
13334 65180
50340 61804
46251 95753
35249 62938
68853 98607
64256 52760
56665 85012
88254 57063
61873 21297
5615 51451
76263 39539
6666 47611
45150 10397
65912 68834
84137 53092
9304 63361
21714 49137
55774 78586
3957 48643
75408 82566
41922 38250
90696 45745
17086 91117
81621 13497
18978 5765
7033 35986
82875 89280
22572 70244
99528 2271
55640 73643
30208 18328
50523 90391
201 73044
65896 78730
51618 64178
50150 57757
87066 42563
1423 23194
34678 77900
54322 48835
46703 37447
99122 49034
36914 75938
21893 8599
37758 46430
44118 32998
58857 17937
3940 59494
9948 65476
11489 60091
28626 19862
70451 70332
82973 8856
8374 94517
84289 70799
5303 46663
33751 73590
35931 39043
62764 6873
2838 13843
20511 16890
3189 93649
93734 91119
73077 63406
3529 21954
40137 7596
18342 79632
61079 92772
61484 81643
7484 29794
71904 97272
23268 47620
73755 42194
20466 90814
52201 3909
71326 91128
1483 19347
10962 91150
65654 73203
8621 30191
39602 47181
61568 96000
53661 83583
18675 75958
76869 89467
35457 37407
3665 56518
46039 82330
66969 38747
91129 64218
67945 49606
7230 14951
94595 72810
21167 99708
65977 18140
11084 52970
89367 89637
81959 68660
92791 19427
38694 35025
35018 84008
22149 44910
45686 78266
1394 69001
35603 46290
33520 23063
69517 36445
48244 90462
75461 43454
68043 39164
19856 42346
50 48798
27350 52938
31612 65514
94324 87708
39600 51766
51291 90227
47657 4142
30959 67603
96756 97106
46792 25045
82229 62549
23892 26569
62114 60799
71539 82287
84550 39500
77114 68477
16512 18348
29041 60924
91393 55297
54325 29515
82322 13123
33686 37435
20460 58783
45178 90705
45213 70068
56920 4199
53386 46965
61694 59690
20743 57354
38924 4477
21921 86286
64215 4341
44597 24562
65383 24732
3702 87769
26873 64207
62762 74746
69693 91392
50126 74146
5369 49460
16526 23439
55876 59557
30286 50453
50892 76257
54756 35709
29169 86665
79290 20641
11559 7155
90193 39570
43032 33097
58553 17906
24576 42888
38202 58586
56815 70722
2671 71541
69259 76732
3334 41987
54955 92945
51969 52631
19261 40173
67959 62874
69952 60562
68723 33926
1579 26838
88564 48555
89477 24227
24652 91149
1770 72662
29890 996
31116 28257
74128 60442
47088 25642
73573 70385
61997 81577
25795 635
56689 60398
26978 83392
41819 49656
92204 61723
95330 48447
63039 12669
33484 94955
53358 36457
62520 45594
71264 10934
25237 28606
3439 78993
19176 93821
61355 34552
7594 99152
44469 81407
74440 30916
96036 5711
35681 37596
78755 55202
75628 31212
86609 80553
29071 56608
22527 97030
79433 92755
8982 45970
85129 23352
65807 1112
93044 90325
90936 59832
97059 78371
86806 91941
5090 76847
8157 74055
92051 48476
68538 47994
45737 90367
76074 63053
83469 19874
76096 60325
7805 17441
69731 17431
63528 58960
71309 86385
84179 49010
85645 83345
94391 2243
48454 30956
95136 82992
47310 20105
7791 80314
66512 18724
80154 81111
63338 43340
37351 86705
47984 44644
10580 26597
30919 28517
53394 99332
79307 95355
92933 65653
51497 81316
51078 82225
77733 16501
8065 39622
46710 49140
31927 72405
58757 89566
24157 95253
38802 47363
80988 43373
19727 50981
26095 44893
50530 35325
21576 1494
89799 94742
36042 58141
35532 54704
42704 82284
74132 60126
45029 78513
95477 21512
44747 92782
11226 2890
52244 56983
95393 88083
54956 98231
60925 7527
58349 92715
59093 62334
12456 12133
36004 55235
12259 87594
92183 40533
68758 14549
28946 1993
1901 93682
15659 21286
32713 77283
32461 45575
1247 61055
45719 32637
47703 37262
66939 89131
35374 21518
4191 98344
83444 46993
48767 64352
78223 26045
77769 23539
82135 10730
55455 8373
50136 55976
69913 78060
66867 11254
64320 71126
12764 26636
51284 72160
45501 11794
74279 78511
17010 83783
35488 56091
15308 53851
64346 99023
66350 42484
84642 14315
20787 43373
40444 83810
64998 22547
44126 44988
79400 55303
5299 5397
52973 77566
85113 4956
87935 56004
94052 19285
23322 83572
11193 65432
77998 79522
27123 46096
30369 76305
3842 6972
75530 37085
88231 45073
79703 22995
95834 5942
95624 12340
68612 99590
74833 50582
8869 91826
5084 49954
50511 17533
40165 60599
75432 78814
58492 19142
43405 9025
97318 81652
82570 50598
86621 53371
47938 12033
5771 55913
18957 97656
11187 99359
23029 14152
49481 76755
20280 2113
80500 55694
95113 20421
44691 65999
53999 82509
53 3495
86501 56836
48159 88891
90936 1322
47179 57189
89740 26930
29795 60531
15384 57092
89770 94535
46693 61852
80915 48821
40338 30185
38600 89288
88659 79727
96100 97533
96110 63237
55289 97157
34364 98040
77260 51880
47918 44358
96852 22269
45446 32644
92894 99955
51513 37977
81580 6092
91668 43360
24081 99708
79956 25482
65142 11278
34732 30138
38137 49759
3715 25543
17769 64545
61523 62365
96875 79642
79916 79804
57080 43138
10766 18360
35004 44457
8723 22551
58009 11918
29187 69846
45730 45897
74685 17829
99680 77058
86101 54182
35697 67831
33072 86866
89188 8634
15401 35828
93726 30449
59856 9611
91416 70229
49478 33452
22238 67251
32259 99263
71825 88078
1968 34173
8614 48699
54669 79864
63686 83747
54444 87891
96716 86628
65748 97286
46762 23473
64831 96443
84068 89517
87356 75476
41426 28596
51566 79170
70147 60019
21898 8239
79605 43787
16669 61942
79870 1746
72292 42821
81990 26545
24243 28514
99402 79367
26735 40739
40571 30916
66291 37876
61437 56943
68399 59125
17353 34593
65284 84474
67915 67368
14569 54441
79940 30373
2121 97343
84873 74382
45955 47532
33922 50989
77321 5106
41068 5310
29441 68074
28728 13205
82631 17119
7049 85046
54761 41488
39994 54779
67274 9682
95478 27186
79263 81580
414 68220
14933 65082
42567 79055
56041 4331
49849 60981
974 53859
36913 14251
363 69273
98431 8963
29370 21722
56137 53154
33227 33316
64710 18883
83199 14668
54660 59474
45677 26969
78595 79057
3328 42118
97656 67894
9590 15620
12907 80427
57987 31093
64217 81069
37932 29843
39602 91790
38893 74695
43804 16212
84787 92274
43630 53495
20355 83399
98262 83526
39313 41999
13236 26051
41898 70180
20701 68834
82667 21110
96280 19982
47015 87945
31172 25253
44676 80245
68689 34039
6430 7077
43874 9898
52739 21176
31217 793
65686 34755
36139 52784
40077 23118
58192 66034
35475 69746
78772 75476
12934 84769
34753 66335
26010 64926
94515 52561
12628 66401
82362 82877
68207 54260
56028 87974
53819 14072
57744 65544
89401 70785
97315 39248
67008 96854
76535 53598
49243 13714
48864 2762
61961 12166
94053 92541
91612 34932
75333 46643
91098 70837
16559 66464
7391 91605
14312 43400
97593 1458
3177 60228
35339 9760
10047 71620
82507 16263
31402 84328
91875 93859
3198 72038
40179 58692
75588 51400
86573 7180
48794 80362
86200 25811
60207 15872
27823 90950
76648 36686
79551 85316
1950 8622
96844 99904
61182 84270
55244 56290
8583 48143
92842 16486
50543 16359
40037 28475
69791 37088
19726 74468
41362 86135
28686 93179
59354 12958
78013 45769
68795 40346
85292 57936
30542 40965
91228 8321
24928 33549
24037 2566
94448 81523
96048 67865
19700 30254
12253 6315
25237 30789
37950 52734
93966 15960
23674 89323
69745 32216
93195 80862
43682 43371
50592 40660
26522 73033
95996 56004
37413 51393
52725 56851
38884 19029
11126 12254
75212 58329
15133 9076
18534 32216
48510 44474
65517 48719
45054 88357
76147 16144
54232 38499
36636 29953
47388 53843
7808 57722
8651 54824
39725 5387
9244 72810
80580 18035
45915 97524
19288 15082
93572 73655
5554 1144
14732 63478
34383 65563
43513 69832
70944 11910
35973 78746
53160 92956
82303 18794
29218 44985
69449 95821
31033 55113
2075 37961
35022 56111
63359 25820
20438 17248
51699 43443
57049 39685
58410 97780
98036 11037
51819 83317
29880 30552
48112 4450
99113 36189
94057 43739
38687 66341
69271 13843
47240 36893
6513 26322
17572 50152
94210 29812
84904 97851
82472 16488
54556 65344
12855 47315
26781 62323
98996 74986
45179 10600
55099 82843
34748 47299
25434 93925
55096 8926
14067 90107
95674 30055
66206 41348
99077 19647
90052 4894
41709 82684
17157 31895
36890 1640
2515 14771
44009 18975
57845 1065
60010 77909
86661 6150
59427 33614
7378 81992
92811 33572
32095 10531
16 38917
35586 62432
28082 70739
12294 46585
82021 71586
90537 33183
70835 72284
82719 4788
42264 38816
25389 73649
1668 58527
39663 44865
83709 27263
20082 14916
31866 13944
53178 1069
1801 90745
97790 64677
27178 74147
94727 5894
31281 44301
1109 33408
7720 72415
6682 41911
64682 28151
88444 98403
76650 11815
79255 87086
69930 3924
38233 26298
69060 25625
78597 80857
21509 68866
66513 57747
45548 70514
88935 14115
22128 85501
22471 31962
16599 80430
55556 23771
15296 52611
41571 65469
56474 8012
82815 51053
39914 84239
29064 34889
66313 19367
21726 46789
62436 99360
34267 21802
74715 30429
82183 7698
76226 1363
62497 15854
94818 19531
23485 86016
73497 32163
9856 48705
58486 3438
17926 82236
734 43023
77661 77361
30762 12546
88967 19571
90215 7348
56028 5994
55604 43622
54790 59186
51975 66958
54243 65082
71945 66389
67750 10406
29717 19578
59381 88558
19869 70541
38957 30813
39269 21557
20634 74706
10470 21675
66400 42018
11628 47805
21 10036
19513 98380
17412 90820
89216 80750
56939 13024
84170 14124
94525 95886
88852 86053
52226 17860
83247 86570
84818 95727
25183 15520
29182 43885
99037 91361
27111 90578
23797 57435
56580 86791
19689 33775
70785 13510
58124 23795
3739 63392
15751 75217
73572 25559
33847 83526
30789 58404
71565 67331
86583 18706
685 64112
53641 24833
99791 1604
20382 44644
7650 86126
22348 33923
71812 65103
18877 91034
42219 66877
1841 42968
15647 2242
73403 52801
37309 13755
25024 43437
82678 41594
24891 41638
67501 31685
57852 5262
12189 85332
77028 19895
9329 58742
97866 89801
93226 20909
9497 46943
17981 79917
81488 15658
23602 47361
74784 8589
44870 94887
21554 56479
44842 49391
43711 9580
25889 56127
31317 62484
62438 76594
17433 62827
58340 40148
55775 22775
28764 50920
88500 5974
16194 56194
26037 74069
45792 7566
15605 61049
97842 47079
30171 36154
7049 13504
37697 72099
39240 13151
31766 88692
66730 13437
79421 42656
96314 35463
83724 73103
49625 84352
69070 27357
24187 89533
76994 25273
18666 8839
15641 85831
86626 64829
23003 3743
43379 54863
39235 42859
30051 61604
77375 85805
20969 83029
18097 64983
65363 37039
70608 56337
88193 22645
63720 5654
93735 13180
73846 59063
63311 66606
23788 39926
70453 98728
30963 83629
40809 95323
82788 80485
67313 65134
96814 70815
13412 48410
82420 98767
56240 56941
92268 13435
84820 16904
84448 84512
57415 29633
95665 70670
48815 38050
35343 45191
31979 50568
41218 64004
35402 13796
42533 88880
73746 35837
48581 76394
22426 59501
99590 68008
37423 3872
68734 32047
16499 71352
81688 63260
72121 29579
12371 574
12523 67523
49953 45625
21924 85437
19656 79428
51414 18699
35556 73580
64486 88786
87203 53871
79339 36109
20743 14498
35506 35432
93896 52652
99517 10853
27120 59912
39679 43547
46653 18919
31426 41617
69666 95692
50625 47304
58150 79022
5102 25903
44835 633
13037 10892
26536 97005
76119 76730
27160 765
50585 87685
6217 14898
62258 15248
96582 25798
30424 1199
14766 30665
10196 63021
55858 69696
52769 87912
35322 17761
20657 88944
20065 30327
75688 92427
34421 58276
86143 276
23320 86938
51842 61143
84130 54209
5618 94359
77020 24341
47940 19785
67718 48165
57377 23638
75986 78549
53732 72189
44038 50525
48671 29230
14910 90887
25782 13616
55785 65973
75586 18300
33575 26360
74735 68223
40465 21722
83454 28092
61361 57334
25540 6216
77541 38010
96585 29580
84385 40684
84906 30311
53578 60898
39992 60490
30299 1960
13207 96089
35204 2174
4800 27473
44614 86808
81279 68636
63480 41500
32661 99742
13221 42855
52695 32204
15276 14889
70605 88560
90303 69988
65396 96135
33668 33553
40861 69570
50967 39482
15211 64584
66950 1793
37337 13651
76531 27128
25394 91631
89302 18087
62039 76286
98745 17994
84285 88982
33146 40272
5772 68449
32396 94621
7265 7324
61334 51048
82924 76664
80562 32222
87859 90589
83983 34269
1934 47106
38992 90170
46217 13622
98027 94204
79237 4346
36107 71518
43862 52901
21263 81457
44518 72447
60232 36759
145 97766
61087 75913
81287 52908
79596 99923
14478 53174
26592 71475
80254 15039
32092 84605
64482 45363
69080 48921
71421 19316
58237 50468
98627 77657
92011 65323
93052 82442
16276 95955
37764 84773
83167 67220
14830 22844
86854 19673
28668 693
8856 40417
99209 6888
39096 84801
34943 61669
80220 73792
68769 52747
16847 78170
41955 20498
28719 12318
4652 72482
54351 25168
65595 67802
99766 87335
30175 53578
19423 18416
67006 31385
2103 7689
31471 91360
86147 37479
24320 31212
8759 42033
40752 31552
99935 41442
19126 21681
14714 40811
21752 98696
27770 7822
63797 83428
44965 80196
16252 51093
94583 79672
93074 61378
49822 22794
97329 28292
41948 42574
42819 93769
77545 3242
75787 96658
94831 93787
23964 87093
13676 53712
16992 17019
17331 53230
1970 77347
97483 73642
57508 83517
59630 93970
50490 9552
88876 82661
47149 37654
87014 6710
55274 76698
83283 71981
23920 6624
97502 65382
56790 81822
52677 52367
97794 11419
25596 87118
92306 60535
23144 97658
74359 27651
17221 8029
12694 452
77729 77720
44645 97140
9630 7679
20308 38849
32820 20121
16289 70797
43372 9057
37762 26252
13958 79592
53728 53865
13876 13328
69238 97249
79837 55794
98230 14054
84443 51097
84676 88157
66525 98277
13081 48128
93958 24970
32193 9982
70764 87246
88413 66390
39002 9646
78946 24543
3310 66585
1657 23555
89403 89523
31485 71104
1672 32948
75040 86886
17680 51495
3526 65883
2529 61036
72359 90522
24573 18518
48210 36079
11355 87117
57413 25085
6470 57484
9078 64984
10013 21604
1037 88171
94418 12216
22567 63156
49579 31871
63413 31907
69476 73830
77659 38015
29995 59595
49777 70656
59907 45123
12453 67478
54658 24372
23640 77601
23794 88636
8668 77462
60563 47464
48316 98049
984 2014
58036 60221
56838 52884
61493 10142
89528 98038
6595 80999
6653 24164
66902 13492
30104 35633
5564 27506
12991 52133
5493 46050
61118 47516
19958 42810
92881 15013
60391 11395
82957 34500
27429 30972
20567 56401
21153 51925
74059 64631
92446 13013
17271 90485
10391 95477
9981 7648
92663 84451
42965 57823
26559 71808
45800 38798
48611 32226
99542 53692
33549 92883
50225 25965
71289 30960
38848 2456
34999 41706
64445 51529
54893 82761
29783 93281
82994 82884
52497 53585
90964 15402
27937 98147
63571 17948
82994 5777
60196 97232
578 50444
48206 72432
64645 3286
38448 92025
32768 67752
42169 11069
51918 94093
17455 59617
25727 73477
64297 93631
34612 47235
28341 81669
30532 42672
15123 35413
97019 62502
855 67811
25557 82677
48331 87770
60551 87137
67466 91703
80791 76993
59847 98476
26143 32962
44836 83039
96942 33347
13979 19240
76102 67831
72889 70262
92447 88326
48766 11467
87011 32587
52670 67964
35792 58711
15683 83730
78361 7341
26248 18123
77925 12452
39647 39929
63215 19976
60493 76258
83108 18522
74217 51038
77928 87627
2912 99645
25969 85637
39604 40126
26602 3170
86008 37177
43218 98643
36086 41878
83515 40762
75049 74324
36747 58064
58019 82691
9310 30944
9032 76074
82306 3082
98417 23778
55545 83745
92907 31416
81947 93421
18581 76207
32337 42602
75077 87516
61051 51623
14404 80680
64043 66856
46445 71602
31368 79205
5778 46154
8076 35561
59127 81463
18342 83379
86005 72338
79801 27960
56440 33289
44219 67519
78850 15837
88023 18627
80070 95844
10060 82325
39789 36040
91371 90744
26613 21221
63548 5091
99404 81039
20698 74947
99481 12202
11922 39414
76084 6640
66121 44176
18985 9359
71987 48250
38554 11656
4156 6702
63354 56113
73315 39517
57234 70836
42394 46825
52159 57390
46856 57803
84690 53425
99303 12334
98319 50946
74118 63730
49839 17979
8295 25162
1918 67338
41986 85726
12285 20945
61665 36618
62465 99492
89154 58525
93266 47822
84536 58267
89837 97836
49994 15452
6883 39568
18451 45130
32376 17055
61952 72583
46180 82388
9365 18469
65173 49307
33257 90188
74347 4822
3557 25879
15835 17948
80072 89623
57997 20725
89254 2159
66942 94687
9028 63286
19551 46892
19550 96728
74835 42242
38530 4501
49333 74233
36690 66497
39408 1697
71526 20354
51877 46041
5224 23573
36265 66585
38838 23658
66948 94921
78627 35427
66387 50919
24694 60697
57478 21574
33353 10295
68451 18793
86539 66525
55233 53804
61567 3134
37902 74364
22011 36290
77386 15001
73738 56901
79273 85019
49898 90102
48309 43050
39503 58585
83498 29701
606 89030
93593 77564
99315 68871
45701 38806
94939 45534
34056 24492
77979 90109
6383 65516
10247 76715
11130 78967
81579 31078
24222 70307
64614 45724
45378 12665
33514 38320
62789 55480
30270 36636
52854 77232
93692 84905
35099 89768
37395 99000
95979 43706
72709 64380
30516 14481
62634 95326
8853 74769
59244 81464
36357 39472
42057 82171
73067 48917
39125 5769
72003 31520
25749 1595
9119 52738
29508 40284
56132 88992
84978 36139
15017 91316
38496 2398
71067 71852
50597 87354
33276 46473
2572 61243
88831 2114
87284 98483
71086 66206
11054 29859
13509 15773
7971 8067
54516 18512
68108 6208
47936 25213
81272 82904
48770 86876
61481 89856
58630 48124
77943 12735
83950 56383
57707 88752
42797 72025
6789 95364
83629 2709
43992 58749
50601 80656
47784 80565
97171 93500
35667 40597
71343 52831
32869 28606
30422 25681
11746 53571
34933 12833
50624 56621
6763 81
92810 17110
97710 33813
96190 77646
78983 13689
58192 89882
47889 34936
38213 42799
43902 54373
80217 43419
31410 33830
5753 8957
79110 70931
50154 19976
13446 12316
95936 63588
88340 62369
3112 47981
75683 27959
22078 82
97372 37450
90679 98487
93180 97621
65849 14740
31124 77323
40798 30931
3560 63858
85045 28437
16977 55267
59617 25710
22107 16204
51672 10917
88711 44110
64421 34773
89994 2078
17350 94639
99020 51688
84558 19062
55531 8967
71684 31233
30709 43759
67523 54044
85521 60548
45240 95559
97591 69472
37287 80214
21299 64721
48743 64463
90246 96504
32033 45807
28805 23243
21364 8101
78424 82643
83124 52214
99868 96879
28807 21175
22178 41904
60391 81558
41518 34683
23266 562
44280 72202
68061 58430
65006 37259
19885 1506
4720 27999
72572 61210
82931 58076
84266 54965
85311 78380
68426 10903
88785 67436
31520 32279
62554 87150
71306 11426
88317 82775
77844 35638
2261 44961
77762 12264
95085 40570
45322 47871
92838 25636
42007 67926
45716 40403
70183 8638
45601 63954
62478 10745
68713 93118
66897 50432
81725 1833
11212 56351
78272 73273
90445 46996
22605 38790
83478 67923
2094 18079
91647 48292
77062 72998
62417 86947
73033 88463
10796 90336
34463 92485
13730 46589
74469 75430
96410 71987
91691 64034
73390 29453
8150 82879
5261 36106
70080 64856
22234 58655
97587 4345
20138 37651
3218 40261
11434 74466
42801 58289
43608 54139
58424 75654
35781 76674
78083 19266
16057 84654
28740 67959
87951 460
46144 61483
46324 7514
27054 62423
37580 43533
51772 80008
78830 63436
76649 57473
79619 78898
11692 51383
99786 29872
84844 9555
9303 51848
54885 83316
44144 45011
96969 16330
72239 13212
28477 30812
34147 29731
97240 5987
30254 10396
42631 21837
54248 99213
59276 67803
75514 67251
76218 54947
94373 84989
60987 46094
47865 86800
81194 96123
4574 37153
22681 28123
1326 71646
5421 97427
81560 99750
37885 13597
73215 78316
39062 39783
62617 87416
58394 60466
86321 71269
54332 7316
32166 84004
32069 42007
99530 59096
13171 75192
29443 61081
43925 4392
14445 71953
52944 79279
24629 95905
73053 62020
87200 12925
94504 41686
51394 32492
89618 71334
42216 89929
15793 65130
51119 11525
61355 60044
92042 70882
1598 50537
98207 39673
24539 26643
28107 50261
71366 47535
38810 53110
7768 11224
38031 76400
67997 34714
33506 68745
95063 42423
67101 79870
27353 66022
14911 35934
19756 67407
47353 57293
2029 47952
13715 82947
68365 11227
89896 85803
4656 71350
13445 38084
84879 87705
53710 91075
59094 72180
9370 18415
63110 83654
84050 77668
47508 48423
88022 43857
56520 39679
61463 21754
23135 71244
59422 11574
65674 8576
7204 30706
39949 22017
3000 76844
88480 27016
10844 47608
5202 14626
32808 97983
63297 40370
42502 10203
75938 9837
10804 97149
93792 34204
13605 70951
82869 6238
58720 85138
97138 74307
90688 36714
34493 29714
29202 20236
54990 85540
32346 66767
48721 69958
26926 51576
38023 38555
67673 388
78596 67544
2618 94850
83826 15303
36706 37206
74861 75268
66426 67896
69542 10147
89146 73171
23200 77192
68531 86246
44502 6733
82855 56998
98771 92576
30635 45850
89528 15394
18092 97310
42905 34377
97895 89441
35392 88798
89999 72711
96137 17312
69802 98151
33061 74272
3445 96525
82551 58467
46876 36954
88985 81219
51779 26271
52472 3022
85536 54150
19124 49669
44157 47049
7490 97855
10971 75353
3210 50947
26730 40216
34792 41617
25906 70175
80815 35162
28238 24025
97409 10819
60748 14534
38648 66055
3086 58233
46177 11794
40363 12922
49628 64038
31246 73029
11229 98874
41814 71498
59822 48022
39669 96395
76427 2616
96338 83264
93252 56722
75815 23318
8766 55049
31043 6956
17938 53016
38568 95605
99533 35659
80494 99896
1551 85220
40383 29171
63340 47258
94841 45396
77550 65205
99023 62047
58096 75795
30056 88971
9252 37478
7198 47140
33199 9972
32449 93898
81448 94806
71346 63697
18812 37081
46504 30144
81965 39168
27630 36274
74382 17151
41059 91447
94057 94050
45304 59988
32665 23620
57942 45919
54352 81049
71350 54756
12978 46788
4966 62659
51704 5729
99467 4559
94543 22653
78489 79312
34134 11736
56317 4834
18691 8426
13716 35124
69247 43196
64209 79658
92421 12138
77819 64124
17607 39976
85516 20085
48841 54874
32019 58868
53412 31866
3123 51630
96805 95669
23746 38954
61291 80814
55819 34467
82092 66746
55244 65226
38064 58627
80505 4930
66997 70374
60439 66498
82186 71156
5730 24695
21108 27828
28967 79071
10891 74528
53866 43566
7390 65443
38306 69165
46635 98818
58296 58006
81160 56400
52140 75578
83933 88215
93904 47035
58407 87382
28522 57842
51863 39326
80982 28970
76977 30292
67074 22083
83342 27795
74321 67600
98138 99015
82393 7481
91222 54610
1221 31930
53943 81226
17139 17218
5829 93945
87766 26901
17149 75900
98037 80043
82256 87141
45163 65582
8066 15674
59109 70528
83563 50131
53543 54771
82489 36607
37575 6159
35372 74592
62128 7023
78521 42410
97537 19620
23944 57736
34636 31248
71638 35831
19895 13453
40884 46313
8190 65188
60486 48836
89615 62134
69092 68513
66540 34871
56316 18669
75661 64557
53934 67915
42715 17397
30799 16207
47286 39167
97351 94692
42288 71213
2739 29320
67248 67160
68739 62219
22737 28459
72029 39188
66784 44326
14104 11963
69153 49564
86978 43024
75914 95253
90459 85491
7846 89037
94616 25850
47283 60435
20288 18990
48004 77835
93682 85773
83329 77837
89214 33322
31938 97411
45287 53289
55096 51503
28456 94820
68 49411
17195 36040
74430 62022
50643 96888
37807 48214
2996 18025
41847 14337
75445 1637
94408 87242
33045 40520
63944 69834
91331 46822
67635 40205
68293 90019
61304 58929
59922 76025
42135 61674
77272 76598
65737 29409
81431 22779
39032 94576
8867 41854
97474 7847
30566 62121
55962 86731
1083 12888
44711 53010
34581 65983
73188 14824
91894 89634
3646 90188
43576 20412
55513 84435
44456 44888
4812 32933
18981 73147
95328 71099
84614 39480
68148 70599
96529 67322
34748 8140
87909 45726
73630 82338
79505 85014
88787 65300
93018 95463
92076 1409
14905 36715
61355 31614
89819 23761
83621 74674
1503 11256
93255 69016
72859 42711
4846 51425
7416 24568
46221 69135
65169 38008
93899 42587
53528 38377
85154 51281
85234 27505
79426 46095
29397 94889
92459 23785
25649 46494
4535 67880
52676 58834
91405 70662
40164 37436
16591 92851
24058 79524
5453 60820
41185 82952
73072 87838
82187 29115
31504 21471
69244 65952
4286 22390
31533 88627
16347 24214
59978 48896
29919 98823
38069 96458
24499 64325
99745 18182
25431 92191
89431 11773
10525 19513
7412 69326
72556 60426
68649 69289
77790 88671
3098 46453
26018 51222
28352 4362
83003 9732
49159 82008
89822 34992
96080 71647
23256 70709
17264 71925
40806 12036
36464 79107
71004 93888
34475 6248
20735 23776
95954 7988
90602 98576
4939 90766
13101 87408
28654 61583
15721 57523
28295 11013
87285 97826
11287 50385
64124 30519
24179 98921
6333 95330
90403 3991
45322 24776
83012 15128
73097 20190
9063 34813
9398 42706
70960 49229
82943 77059
95287 55265
74055 46340
21578 76007
11779 42461
80073 40833
85280 99786
24937 65379
92379 35130
55730 12791
1479 56433
81665 5596
13803 55366
64839 60355
50017 25638
78631 88369
66521 12815
98460 47329
90132 1046
25745 70815
55945 81218
50247 24109
2243 70638
98355 91522
73568 76907
26172 78501
5172 53307
11521 28055
16676 35319
49170 42471
1260 63435
37042 95483
12569 11445
61884 76845
41136 11881
2523 51276
35173 21103
19440 80215
54213 84515
92207 89990
57773 61749
26946 23585
15952 25959
60229 19814
62932 55698
38376 11431
41717 88225
4625 16842
60801 67795
77783 59143
95003 22589
62024 35342
86297 76422
98851 29854
3526 9514
29247 65327
60864 93048
22947 50857
38011 72500
33547 98379
48188 82677
1674 72869
33982 36712
60386 57214
15377 26251
88493 32014
6230 90963
15384 14117
56836 65542
9283 8099
56550 81890
24418 42462
87387 53300
92831 99775
13973 2690
27509 16580
52666 41410
886 75968
19110 5888
26983 32183
13703 79612
98175 91235
43520 53258
70923 18545
17959 25872
87661 19140
21286 6187
50840 25841
29821 52202
72118 6306
62750 36593
16642 26068
16144 95896
37422 51224
5230 37290
33759 70037
28901 79943
2316 11716
36185 92226
18626 86163
24320 10147
62435 5155
67109 5317
61122 20426
94887 91353
19784 98066
32759 96450
99731 7224
69694 12375
89106 27342
82324 69957
29898 27673
49098 60618
15988 48499
96353 59995
29052 23530
29393 81471
49380 31775
56931 70897
97471 17225
74359 21890
62230 61296
94143 98388
62278 99090
59330 44000
52352 7297
54042 27441
31848 28898
84918 70503
26135 11343
84601 79126
86681 6710
49017 53188
20848 80281
95905 84878
17263 70316
32911 24643
40095 77274
8151 79207
91133 52449
30558 29138
18234 28017
60511 16239
21274 89872
88746 84573
60566 16857
52096 18129
96858 87832
26680 94002
59335 86672
52702 78460
81330 36917
3598 26782
97699 62194
92797 49244
3223 59269
99761 66669
34207 28798
4388 79229
28095 79620
70245 40845
13680 15887
24822 718
43806 63183
21583 1418
65578 11459
29658 62171
60137 39587
14549 58098
20707 88920
95155 20177
67285 68446
42619 2865
53615 44168
94567 32957
22135 66364
40679 20821
66213 44627
19964 37037
21285 84571
74781 94891
73272 85845
60181 46476
76050 38135
56162 47327
8637 93290
17624 46472
87669 429
9468 25279
55179 49136
94602 63695
18147 56762
32304 52695
91029 14884
19408 19756
41199 22780
43426 18421
16433 1603
66671 64206
81232 24047
6615 71878
29619 82954
84460 18112
87065 31281
47445 65622
22450 80885
47820 14929
24673 58237
64896 51442
90913 48803
7796 11725
32188 33298
54942 41577
54037 18639
65577 5441
80192 44493
50355 421
74309 61719
96656 63194
34048 46154
59973 73718
24836 23832
38510 74053
29683 62886
55224 67655
36584 52974
11911 8335
68557 57278
99570 9061
1925 15640
43202 98245
87523 23856
31671 85407
44369 65489
57571 75733
37067 68824
10700 97759
75233 86391
51310 31786
77880 82708
22423 93909
3466 36455
57322 39986
7169 27071
12989 83979
81952 48926
56506 57659
22010 42104
15649 11793
66041 55736
43013 26289
9496 69692
21611 32658
44778 67444
6638 5824
51537 1286
58621 83259
17351 99693
80667 60855
8888 66710
38527 31355
36390 1921
64946 57058
62372 79110
46163 63964
82492 98061
15062 50926
5321 80661
74432 61294
83517 85742
38669 90504
57885 89631
23435 21084
62720 17472
13244 2109
36627 3585
20664 86227
407 58818
51049 68154
86466 49593
88236 36545
27578 93167
75991 14476
66141 43331
35853 49427
58332 6181
78124 60736
44859 67388
35872 29717
72531 85057
54605 68
43057 2114
25545 17237
69908 79264
46654 11875
8978 40977
56237 51519
57844 22654
29990 14156
2869 18278
95346 50945
70695 36826
48297 52170
53582 12383
5788 22408
4706 48655
42828 58412
80082 57912
49296 64768
74076 80859
93300 1278
26774 84110
86581 87094
14216 84795
14725 38029
79695 63039
62477 27833
20348 90796
98438 6822
34419 37991
69919 79892
97805 92842
62075 94774
23510 75043
74800 31092
57871 10131
31880 88170
57613 2001
85315 20423
16344 17157
60852 61679
65453 20109
98592 42650
85565 8507
42562 6258
18060 6132
20970 94425
78386 19186
13497 44641
38397 31748
14278 19537
1006 43081
19068 92711
13943 95033
46842 41265
14915 69180
36721 41586
21838 33776
30122 25860
66345 73383
44926 5968
32056 30502
64923 83863
22291 104
44614 61133
61640 88025
99251 87128
35095 77436
55279 15509
9237 34534
57367 57748
9706 8800
61886 41751
86995 81704
88459 10551
16896 62704
85784 19135
52343 38974
28308 73999
2351 38635
7298 9370
64950 5348
33048 74760
73516 35948
76961 86069
48486 4664
33564 14832
88044 77937
70010 14685
90298 27382
22243 90228
40547 49047
51282 46751
8521 31355
1397 69056
78503 18843
89134 2664
5064 72837
30004 69377
25644 50778
79379 77798
56362 33488
80007 53510
18889 47024
62949 61220
31685 62969
15955 80633
66193 62011
36011 55793
96527 14685
70524 1802
46521 69848
40105 43448
13820 67162
85096 50148
88408 17924
13539 38952
45889 1676
70619 9876
77825 23516
2112 2125
93523 79793
5914 17192
21930 92029
49604 80339
25992 74309
95819 31149
92135 227
10099 44265
59412 98661
34002 49775
28302 16524
42707 57851
92076 46094
23989 6716
24596 1237
68298 80374
79749 27358
69080 18401
24270 98107
24891 69959
11636 25329
79681 87850
44400 70075
55276 52540
95951 87397
21716 24388
99888 9457
83459 41184
77802 54390
61111 97342
62371 1116
9475 55713
63193 81473
58990 13602
18205 17783
94706 46701
45844 27651
19294 51776
18933 37632
12917 11919
15341 89722
88781 72067
76669 45940
64401 87254
47131 34690
78880 58744
32621 26671
66891 85485
87377 54393
93530 72109
77688 4656
69704 21251
88486 71163
34371 63087
62868 75474
32461 34404
39087 64965
32638 65930
44918 55987
97183 89501
62623 6100
6416 35916
44594 38480
16707 76955
28493 87078
43518 96065
29150 87750
12797 77419
39020 88023
17295 13623
73807 46130
5428 38906
20755 28004
18693 25691
7610 49296
22988 77525
6390 86443
70919 18841
71219 22271
48745 69322
34539 97384
9050 24351
44496 94234
36370 76484
89509 9625
89314 76121
19173 16703
51787 35761
97595 9401
52932 26485
30728 8139
98040 5791
6689 31464
60134 15263
29166 88762
33184 58777
72269 69408
57484 69573
11820 90891
60550 47822
64338 17504
11836 46900
88887 44569
83600 19818
18055 40612
26554 49688
41603 87266
66276 97562
79711 5065
85452 17759
73893 85187
86149 73035
50161 72685
57558 50421
77428 48921
73625 1290
78034 99276
41597 73896
16131 37472
34021 19716
46997 35395
37607 88836
54888 92695
92750 18950
81233 62640
17817 98712
53144 29241
65241 5917
21786 53103
69847 62222
74695 36164
40907 99414
65061 87165
61894 50261
90635 63733
81545 79327
295 3064
26476 53082
53241 57737
78392 59811
7829 72860
10477 93546
82053 25020
99517 9777
46693 94182
43695 73841
76965 36428
10621 98068
48907 88500
54454 13948
99374 19191
89085 56667
62428 67810
91368 55065
54997 98616
35650 98258
75309 21485
9289 9973
83886 71213
39152 5574
34900 24147
44862 66396
53135 34066
84462 82404
98980 87120
81261 14588
35596 72326
33823 56089
85460 8513
46587 28641
18716 1924
92362 61618
74072 93348
75148 12473
74130 21706
2515 54812
77605 7541
48357 14161
35588 12981
44766 22980
55185 76785
62028 57365
37158 81954
54321 36727
75344 27702
74021 30451
96046 68814
36530 90627
40054 91232
8790 82455
26833 25461
41284 24147
45659 75468
3043 26991
19364 51126
94733 49206
93233 92376
19762 47528
63323 77964
36403 12312
32750 67808
7975 56238
5388 11989
92281 36805
34984 22657
53447 10222
76748 8942
78693 36044
49107 69848
92088 13174
99759 13363
59580 92697
37412 41091
25855 70259
1259 14467
43555 33209
55760 37887
51040 93170
97269 24953
17279 22777
85261 1255
65120 63166
22081 4179
75125 25734
32911 19674
29957 42343
16165 31310
52234 909
26922 29236
51795 15800
97526 24935
14243 1435
19702 62099
59952 64991
65769 9338
13605 12702
66469 66195
74880 67816
11026 33958
76116 53985
83853 30193
30888 60417
77703 81382
95511 36531
88292 4298
78798 10486
83805 71640
46834 35455
27198 72316
40183 33205
33832 91129
28233 66452
81488 76452
51655 27819
26078 11974
9955 22366
39024 22749
12995 39204
30772 79451
62595 93865
5969 71014
657 31918
92383 22071
26704 17572
28202 54235
66710 48373
87059 66421
66125 68347
99151 62074
23253 1191
95622 9587
11809 44315
87125 52414
4086 24112
94221 10030
9551 56145
7505 4839
68443 33854
10332 37219
84765 2315
92025 94511
12331 86910
8681 65006
29552 52340
8641 69045
49611 12156
29001 96173
60718 49946
86334 27349
25983 22054
41008 17630
89946 15627
50853 47693
78701 16328
12884 83612
56090 27250
79851 91256
93657 92304
40842 50276
18579 38398
56166 99670
99144 57387
75463 60405
9482 23930
31497 5697
49600 65317
91839 4651
9028 92981
39339 67832
79685 99371
80808 50850
82726 18619
48449 95031
17309 39020
6806 78936
67317 17881
62014 75099
91820 44242
7136 5130
53718 74844
33689 68930
57432 18061
74841 917
36941 43697
25509 20136
41125 81320
94775 95062
64673 23429
8185 54955
23544 12560
1646 1385
71510 74725
56202 1158
95831 85747
28180 59116
62384 62015
79755 58937
61671 97790
42526 64476
32566 75102
13331 6462
54316 18141
19169 49750
9515 28400
94901 74356
55243 18846
83153 32311
56630 21571
6952 57431
38442 77678
14180 15676
73786 38466
86273 81860
62445 91001
72207 67137
41118 36604
43603 92185
13690 38156
83686 99045
39973 73469
71893 36946
51317 84213
75295 26947
80245 8562
43578 17228
36228 46017
35951 50393
98996 45000
57273 39429
94379 51869
40330 82115
83877 71788
23111 87993
62000 31444
7335 26592
78990 72299
76343 15109
36983 38230
35961 50251
59764 4562
14752 27527
44933 46030
23605 21443
65916 71566
28118 17595
32192 77162
43218 66243
70443 33868
86862 88255
60844 78134
77667 44137
83302 94906
35005 51950
41839 46880
92093 19441
1522 7363
41720 72679
64494 96404
5559 61722
81812 28726
44661 13607
88012 83104
54308 9567
99889 33374
62312 27593
88656 47889
99994 23870
24814 54986
97318 20332
26143 38003
27373 26356
88175 68486
29220 17229
19229 98099
7667 35582
20955 88543
60696 96743
35408 16288
13761 13465
4694 42338
85973 52985
21948 63652
52908 993
64900 29500
56850 37695
81798 44015
68104 23029
54604 61146
71331 94839
37812 16012
18635 92112
16145 49897
63389 63293
64074 10216
46698 95152
28730 48118
44630 93102
77966 91218
24570 63282
25322 20942
89058 76648
44517 69044
78927 95730
30376 44063
88790 34567
99730 38558
86943 7055
9399 27284
30695 70728
51772 36411
80862 19236
51261 23868
73354 1961
46152 64664
67906 49551
52191 36578
61460 53222
79994 12643
28768 32109
24643 19893
56827 12668
26680 46025
33613 99291
16364 27009
99251 7497
3814 85206
69501 5302
43648 54067
60145 24009
2729 52056
99399 7386
72068 40792
55242 6329
88039 33627
21629 96102
36925 94621
84564 42070
9092 5773
8791 78357
12080 42127
87683 86302
58566 23962
75464 34629
28418 57467
68780 37293
91185 72049
99750 64498
53176 35726
36036 6753
50443 28316
65445 28795
80694 92182
5344 31670
5176 49962
99868 95035
23043 32894
39990 27209
30398 57928
63742 2865
12643 82293
90649 13912
8257 85987
62464 94648
33050 5606
88832 93023
64902 35111
84825 1518
24111 61056
7967 81947
46003 26785
83644 39631
85318 79631
23628 77481
54989 82687
62239 33434
74115 80479
30810 49703
40824 60142
36214 7050
51309 70815
58976 13585
57817 6586
17816 2430
3271 51931
40594 19205
49366 94737
39415 93041
29495 81056
24997 98943
87987 6336
82923 46209
52099 32667
60686 43836
23062 67187
33223 92202
9518 84314
47683 71257
29091 92247
737 28075
98814 14920
64344 97332
30463 38235
85774 29663
1464 11411
63266 50857
38256 19817
18051 87076
1666 37097
42422 75318
65691 6737
8436 17591
74975 63093
8905 1815
41764 82174
52183 88405
80053 390
33489 36297
39472 57789
17408 97083
34057 83879
87682 97225
87813 21468
3397 94789
54656 89127
79921 41845
34951 10696
44731 94802
27967 31794
69107 71081
9436 14029
49271 12605
96235 36245
39517 28163
88392 30937
77133 86596
2312 99517
34981 72958
20113 59448
13235 91140
50301 55479
70942 80985
82331 14392
81502 97049
9518 61424
99871 58321
43276 31782
6435 48354
4128 15989
25597 71330
24072 33294
10582 84986
65911 59923
35819 73289
50228 96478
21581 62463
95162 88824
74304 73251
29686 82402
24380 35822
83308 66543
62895 49870
19507 92232
84858 77188
73940 52839
87311 13510
33390 34172
58554 542
42869 85995
81973 34600
72911 80876
15217 80152
38422 39370
20 96626
10392 2853
95638 8048
79162 40528
53187 58688
86065 42323
32412 22755
91847 83786
83958 31984
36060 41188
37881 33262
6339 33349
53250 22813
98368 65124
86625 72782
8113 39278
40348 65638
13570 1441
29258 50272
67351 43378
59129 33992
1798 7079
35721 21088
3258 26622
97999 57982
44337 96900
98707 89996
72735 34239
30706 58503
10025 21573
30460 54113
4299 49154
7287 91488
88435 45654
75866 86140
53763 57301
19539 14532
9395 82117
33154 31386
50412 93539
87099 32434
63470 65118
83912 78775
6411 24027
76997 79911
75466 28783
20482 79058
88485 47272
22085 90942
46283 34117
53125 24166
72094 14873
272 23574
13430 716
43558 72017
26685 83066
53115 51628
658 72050
9337 87536
31110 53144
7900 27867
39265 37827
92948 65696
73502 58176
75366 54338
5578 11309
3852 45149
24105 44703
56496 83166
19185 2204
97301 26086
14094 34562
91214 54634
41788 46750
261 58518
19984 60918
73686 28357
62544 39392
24337 27371
27958 59240
5755 12396
7665 34126
92429 74178
30115 85157
41524 1626
36292 88150
66031 64279
72125 34811
2037 11758
70319 92452
63596 38537
21546 43573
22611 33700
4758 83910
12217 70579
63917 12194
45347 9978
61918 56264
682 44499
46092 48781
1306 40460
37485 67832
53365 52262
57356 9477
19950 48759
32744 24259
22159 33449
73171 94326
43283 40185
72243 61589
12620 46617
43172 48397
36638 3086
86515 23228
77474 10642
40549 82295
28740 98931
55566 92356
76742 80594
87611 7873
88251 11750
82537 12027
37452 66070
84651 34424
38231 47842
2919 89358
52363 92891
28346 76649
8877 9447
26096 71369
15189 1022
59148 96481
90002 44015
7078 31802
69538 71260
42984 44206
39099 49721
34192 19469
6437 16369
7730 30075
2686 16385
20979 6896
33076 56667
86415 99191
76558 6533
61395 15407
52772 19639
59363 38957
26210 65185
35286 39128
65833 95234
95093 39724
84334 62738
39008 92120
41274 52441
98376 30976
70248 63829
10166 33403
27529 49305
23267 61365
59747 46536
30462 4687
32814 73470
13929 59130
17110 94280
12028 7552
39324 72294
63969 4155
30869 624
81750 59324
45769 4270
7438 2053
50933 59935
36784 57871
23466 17203
61047 33893
97227 34449
39856 54823
86707 6546
53151 75368
78093 1188
74554 25297
16154 53127
35884 49948
26191 93651
62036 21881
56116 88561
33699 64748
3238 93949
88866 17133
10773 38283
86985 16903
93543 87711
79721 24441
37043 74707
58820 93784
19623 93781
9327 4683
79299 55718
43959 22574
22460 68732
45689 49232
3226 20001
36200 56660
49562 69617
83402 38772
428 50848
22716 39065
84630 76242
62890 76068
14607 17985
62935 78473
5797 14459
2171 79918
22936 83298
62272 84817
95452 69226
74405 56223
38267 33182
49787 88190
3761 28635
83850 78980
7246 83634
69229 5053
25592 97291
57042 76585
60294 48669
9403 29403
19526 75703
17279 98267
52727 19994
44393 95941
18192 58365
29880 71848
70327 30824
72926 28584
77419 46297
49058 44989
5787 33922
91006 818
65869 40680
49825 10758
60152 35110
3501 96782
92650 39528
89594 68593
65634 8209
70514 15915
61847 77365
30867 95531
18511 32799
96016 6164
37353 99469
26480 44736
60628 87663
83597 66264
37493 88171
20407 48125
66693 52284
62543 54691
47793 27022
19020 47728
74488 86724
4825 95842
95921 70675
66805 15814
17922 29956
29393 66466
56010 533
86070 15051
62712 57401
79581 73424
10865 65939
98452 82925
76558 50943
61248 9145
65595 88266
18133 55993
87322 92757
4896 3626
17598 67414
35614 32923
48432 41174
9026 912
18062 88692
74643 70465
99431 7040
69323 58936
19808 58753
13849 72535
85554 18096
89888 98992
1897 60187
26870 84683
51718 84067
29254 10147
42398 69502
81742 72649
73850 30389
69442 48544
917 73831
16423 30751
46049 91589
93081 94578
69602 25332
72229 58169
49617 60430
85007 28488
3674 86817
71118 45318
28158 93486
90731 28078
95218 23723
80774 5200
68863 48290
7729 8529
20000 69520
18322 84006
13959 62694
42373 71838
96695 78412
74360 12149
76971 89849
34926 53378
92654 37756
39901 35050
71169 87606
65616 86250
20377 10334
96453 4017
41119 95355
71279 51427
79470 34509
34325 94807
66615 95461
82417 46042
21664 79369
77555 23530
10753 94129
99580 32220
44294 58220
931 19479
93840 78108
81523 61527
78260 38677
63883 19691
76602 47554
47645 1366
44063 37953
7311 33169
17747 1090
31677 66792
52508 17259
32565 44505
87602 14423
7993 11288
86049 26898
43681 97038
71594 51615
94710 67125
7201 69682
69720 22238
16240 92279
53849 22635
38515 64905
21632 78837
95995 51867
26535 82695
13483 86355
32062 42305
34942 34346
44390 62742
44671 60141
12822 5134
43662 38783
93304 58085
3426 65301
81389 18442
80962 34104
80773 41665
43275 32679
91753 66401
71565 16978
79409 89047
73070 45792
98830 27713
40453 65130
64257 91348
82784 34589
45698 95959
71935 38012
73050 77510
19350 22428
2217 6095
18351 50663
46305 984
8422 1146
48136 33719
73515 72294
82426 96409
52867 39730
76485 11068
57544 33687
92684 27028
11108 51971
38949 20650
56538 14871
29659 32888
50365 69865
66924 55342
20215 90915
6699 50320
93124 42690
75551 9110
15380 87479
88163 67403
85900 85066
97188 86799
8229 85810
62790 73429
26060 49662
20096 23685
74913 14927
85307 52955
68056 57947
78710 17830
7547 59308
53701 61706
23685 96863
17390 48511
96456 93542
21898 72527
12201 87174
25386 33564
13439 22138
36688 72407
68791 43502
92337 15786
94867 35684
30234 29360
4614 18707
46984 89623
4505 52515
24494 70373
51274 8274
9875 87440
42088 3506
31633 20805
98808 71752
47512 80578
85011 39663
56840 77819
33541 35443
43098 63352
2384 54455
65400 35062
74791 72047
18305 39746
63731 18918
96998 7361
38034 33882
95760 15275
25683 15195
49431 38763
1627 25775
36460 25953
63875 1425
54640 73440
30391 28621
8763 16432
20824 11878
3734 29197
95227 56913
27425 45574
87689 82583
38126 51839
40029 59447
14404 79855
28137 53569
20317 27651
66993 86556
83912 91609
41613 94561
88455 61958
57996 57629
13554 95409
77580 64307
62195 79573
34051 2552
80168 39043
67129 94709
41317 69853
61515 9193
11375 60572
8554 72645
79617 9228
1562 28718
33131 90859
60179 26558
51342 9997
86820 10114
36641 26459
58347 19965
69967 32079
33918 22564
74839 82233
35781 99681
48235 96445
61053 46257
20721 27667
15766 69381
14085 90630
36918 76964
20277 67158
76085 13640
82532 49334
34239 6077
8775 44782
81813 5989
17483 87706
15596 59222
4877 7817
73740 70522
83936 87710
63698 96462
18315 29587
61166 84579
10408 74545
36422 29089
74023 46650
70609 55199
29129 54144
84733 81964
23525 37706
37386 50601
76998 32950
86893 25421
48042 945
50574 73920
37285 55553
55690 27488
41628 69212
529 52383
67467 89006
93001 41218
12735 52247
77417 54404
32925 2027
96671 689
27769 18128
39947 42123
78560 2339
24802 93929
85775 9363
23275 34131
70105 18341
76709 4871
86500 43310
42624 51927
92204 13724
87679 85897
32831 6766
72988 17301
63808 53079
60004 62283
30565 94015
29271 27147
77945 87394
58985 76842
55258 17103
60772 7539
33212 25162
81540 80164
4292 21290
73657 23117
29933 26427
47977 5109
58439 94526
71851 5653
29203 63940
88396 86970
86952 14903
35502 7591
57297 10034
27204 48945
66029 16291
97752 78241
68334 48176
3174 9974
16154 29167
74718 224
45549 38732
26373 33286
13749 24135
33716 22721
8885 5875
30904 16831
10114 22009
48400 40705
91241 75667
20499 87389
44391 98897
79655 54428
72431 7895
93355 50269
35240 94045
30382 83696
32397 41454
4725 29052
61259 54633
51065 84699
53158 51715
97671 4472
68116 85187
16926 73080
35552 42341
66676 41454
38761 3320
70482 25124
42016 73568
19251 74553
47950 19252
93353 30174
63307 50017
19544 60728
73096 67653
82841 76001
44070 26165
88313 17063
84093 96631
80983 71532
99574 12681
8905 34724
42641 55544
74072 60826
84288 97450
57983 74155
58762 91317
95440 45033
39657 48741
62703 90713
22060 20122
16981 40246
67190 58631
29038 36972
8861 79925
40667 38525
34252 126
18353 98048
42209 33618
17785 29501
19600 14709
13774 61906
36414 35167
87682 73809
47046 27418
64088 20639
2040 98920
93067 54519
73685 57243
42566 33413
88884 37723
84299 50700
34497 53252
36621 84864
52056 7941
58581 39853
65806 81953
81600 53838
76777 15506
51647 57942
3651 49569
12085 31787
61291 58383
43197 39205
64867 81616
88162 17236
58275 33867
95973 39224
69461 27
95067 11270
93111 79185
96492 20362
15516 34511
86165 31167
25867 28814
82343 97209
93918 78681
61990 77595
1189 34768
39690 47457
10305 63686
56769 70872
39529 63268
95019 75681
39272 30052
829 338
36028 57430
32543 21268
14681 50558
1966 64230
17508 12532
86202 33752
12665 28034
2761 78065
96966 68938
48723 84554
9037 9470
28931 38033
37350 3142
20380 86151
69850 50238
29586 7362
777 43668
30925 46796
75077 53870
52874 7490
69781 56835
6073 10965
60467 13341
16736 53549
79534 26589
13654 70433
2089 32663
32969 37280
42298 27185
65113 20395
60108 32777
45306 66712
29981 11852
56438 89361
83073 56128
33225 61139
27101 16571
44963 21904
48365 30217
30762 55565
34942 67338
12917 45956
15092 74449
8658 64867
98054 49542
72896 91148
83453 65765
74422 12659
91417 56669
62427 1443
45836 12306
58539 47897
39964 37468
54872 87399
15077 82566
70567 25811
83669 18543
59343 74613
18319 75948
40734 36764
57161 93924
64339 73642
29805 70291
21861 31028
65851 50536
68954 86371
83558 67782
42481 37269
88979 98247
11833 71612
24061 2676
33879 98526
22323 54318
25028 25459
4760 64297
26829 93867
82403 63339
54770 88325
20253 58546
56103 82009
50181 68587
87157 69167
12463 5531
41594 1062
74688 39738
36421 21134
51892 56435
59291 58478
48569 52806
3157 25407
11313 15719
9951 20846
8308 49788
66427 86430
43467 61538
7164 53060
79382 93992
3564 15785
78472 882
87974 524
76133 52471
90620 82749
67819 14180
16082 80835
39622 89848
39009 19159
25306 25446
16245 59399
81373 40565
60368 24500
81241 71459
83493 35860
78351 2750
41565 53745
26351 49322
64501 71815
16002 75454
76510 49002
22464 75686
21948 65438
59674 45506
20232 63581
25617 60870
49006 6613
5404 65464
32655 59335
95655 44726
64192 91977
7182 49453
46986 6437
58438 7939
91880 2264
97909 98413
18476 38836
64501 98937
14618 91326
42261 51878
13994 23088
58872 89223
90826 95192
4531 43269
49019 23704
24659 79962
2608 14212
98741 27030
12210 10055
55629 77757
68414 66590
21760 37958
85604 66331
82377 29374
64138 12707
98552 95203
80584 93969
41550 13226
84458 4593
54274 4282
29233 51461
76895 47439
22962 4100
35236 44471
38037 34166
28866 11448
40503 98745
38114 84744
34504 77375
29981 82644
27246 32878
86945 96058
36961 2686
75731 43854
31085 52511
54087 66777
36307 83056
36810 76757
61287 7081
44089 56242
62995 84402
3559 75893
65971 4969
22811 28884
20824 76161
98703 13243
47429 21469
15218 43145
33397 25785
54919 756
32339 44482
15812 63777
24288 2232
67348 79981
50640 36179
99190 72615
68397 41467
89275 69267
71411 65583
47339 91112
54834 24895
8033 82067
95984 72754
50859 1394
31844 69761
19979 82810
94332 19898
32344 99954
15640 61310
79230 6134
67788 26019
43705 92948
88098 68626
56510 5426
50966 1066
70163 64198
21144 55643
34994 81468
21326 56076
23690 19733
74927 54551
54622 42946
5128 42343
25348 68652
6971 14976
61126 76720
76732 30328
26405 42587
6066 92406
63601 79858
57404 27834
96210 52301
20809 41045
482 93271
20542 40588
76945 36432
35317 45497
88320 92651
79512 46090
88870 63152
56170 21056
49262 58651
79646 83762
16983 88091
90814 28519
72499 22228
60165 18175
50952 78110
71269 44203
66866 93507
71459 63569
72799 73957
62102 63241
1169 7285
21419 14050
39808 75645
95396 42078
46326 78488
29524 19185
84465 73652
78149 70214
22084 52951
4594 17722
87958 51191
29069 81215
70337 92928
71546 21979
26356 20594
94546 57126
84562 70401
81857 65583
29297 71699
17737 90008
49372 24774
10109 18070
95986 97479
91494 99538
90372 43227
8834 95306
71002 19258
78208 33168
87791 8015
68581 1546
34737 47290
22730 77584
33442 75182
32763 88018
68665 22259
30777 90864
94754 5285
72249 94207
3770 12211
68228 54251
70740 43713
87605 87535
48854 17382
9054 33470
16924 84943
76387 95262
5620 99034
23517 22440
90273 7612
90808 81674
58713 48316
4181 68453
25415 4853
82953 48910
21001 13112
46268 20657
55794 94759
15915 30602
81898 21371
34983 33130
61161 76736
97844 26872
7072 98004
97483 3693
91824 91659
33880 80119
69648 24462
61948 76599
34795 97303
57484 85859
76320 77334
24688 41252
88545 54607
48037 38041
24564 30010
55132 52787
36309 28386
13528 82935
74642 72455
788 51583
82797 51004
51451 10393
70046 52009
43310 16614
15695 14377
44034 46908
42174 47469
88063 75877
76766 67544
40482 47742
77174 34594
82075 71545
44608 99477
9680 31259
57643 595
7001 68222
28890 77389
67202 49680
22787 42605
23436 14035
84785 25614
35883 82971
46147 6270
13641 28755
66634 59715
22658 7192
56783 16371
24358 31644
13066 38426
10267 89925
27916 60760
19192 87915
19702 65953
72843 86941
84224 42107
85204 93
80179 32323
50312 44191
71951 64456
70479 54158
82854 18703
80453 7336
44927 43981
6685 67645
32052 49232
697 42259
99700 91447
79124 36549
47522 2965
10392 76287
79636 91410
59848 65284
47637 69290
51256 32393
27971 60652
97775 14743
4657 14555
74412 88140
26630 42993
22110 30874
20573 49015
14571 57703
36035 92623
49002 24140
1244 28106
75657 7190
31391 90130
80679 23176
75093 13025
45307 35383
47390 60456
62315 64045
59916 95370
34582 59142
49029 57726
28907 55734
62501 73232
7823 52640
95034 38400
92763 92800
68486 31745
23836 27523
76641 29532
59346 69738
6773 80939
27537 27147
13152 53086
3075 35535
64725 13113
12259 6037
68571 43572
26083 40398
47756 50298
74087 62431
82456 55178
28840 22210
78208 38489
58739 91397
23771 24366
86375 94121
46580 30757
76090 95620
4905 81325
68341 4800
36750 4010
32915 58586
94824 63475
87206 70499
8435 24693
38770 35555
6813 15726
