124 12
895 119
398 49
513 192
451 78
145 170
603 6
97 131
744 155
533 94
946 151
439 64
636 28
300 196
260 13
965 40
919 147
367 110
426 80
427 132
738 95
423 124
421 162
186 4
831 43
668 175
982 108
852 59
23 126
160 113
455 22
577 121
354 11
996 3
943 18
442 118
225 138
560 165
584 112
240 116
174 21
991 144
211 99
197 157
10 67
936 29
177 97
73 160
461 78
197 30
35 142
493 183
456 136
46 123
11 185
290 162
478 193
246 70
984 68
666 12
485 122
36 23
604 143
229 93
8 60
698 64
968 132
924 117
616 16
96 128
742 59
48 183
765 119
273 11
173 7
275 98
881 3
228 55
143 95
973 24
188 115
859 39
934 108
719 155
648 170
15 124
777 144
11 50
5 120
200 134
402 124
321 14
845 30
569 166
435 81
474 42
224 101
97 125
275 47
15 54
312 134
458 133
405 167
114 34
445 27
916 143
288 124
314 185
857 51
722 27
463 53
243 26
804 169
315 2
169 44
611 183
528 109
97 37
641 105
605 90
797 144
756 150
582 62
681 122
901 27
